0.010000,504.600676
0.020000,505.808750
0.030000,505.083466
0.040000,507.051663
0.050000,506.802926
0.060000,503.060476
0.070000,504.967321
0.080000,505.829677
0.090000,505.650212
0.110000,505.377254
0.130000,504.825698
0.140000,505.693388
0.160000,505.824693
0.170000,504.823253
0.180000,505.172057
0.190000,505.154008
0.200000,507.304109
0.210000,505.352298
0.220000,503.240053
0.230000,506.340151
0.240000,503.191733
0.250000,504.999753
0.260000,506.090015
0.270000,503.628452
0.280000,504.362100
0.290000,501.904838
0.300000,504.067578
0.310000,504.654923
0.320000,504.749108
0.330000,504.837263
0.340000,501.719215
0.350000,504.936020
0.360000,506.754318
0.370000,506.064941
0.380000,506.921186
0.390000,503.257493
0.400000,505.963442
0.410000,506.348061
0.420000,504.783519
0.430000,505.351445
0.440000,506.546230
0.450000,505.380282
0.460000,503.911635
0.470000,504.539250
0.480000,505.560796
0.490000,506.676776
0.500000,504.316261
0.510000,504.672970
0.520000,504.845119
0.530000,503.070254
0.540000,506.698066
0.550000,506.651578
0.560000,504.136596
0.570000,503.977691
0.580000,505.182162
0.590000,507.402384
0.600000,506.173991
0.610000,503.936426
0.620000,503.554915
0.630000,504.760482
0.640000,505.111936
0.650000,502.632227
0.660000,506.662159
0.670000,502.900517
0.680000,505.782915
0.690000,506.362269
0.700000,505.368854
0.710000,504.442231
0.720000,503.704388
0.730000,507.267448
0.740000,505.657715
0.750000,506.269160
0.760000,503.509732
0.770000,506.224975
0.780000,504.625334
0.790000,505.291128
0.800000,505.931875
0.810000,506.189649
0.820000,505.569522
0.830000,504.088809
0.840000,504.941093
0.850000,506.293587
0.860000,504.403134
0.870000,505.332265
0.880000,504.515847
0.890000,505.047944
0.900000,505.686607
0.910000,505.495491
0.920000,505.774225
0.930000,506.164205
0.940000,502.719893
0.950000,504.242865
0.960000,503.165577
0.970000,502.829557
0.980000,504.029382
0.990000,503.985519
1.000000,506.049693
1.010000,504.285751
1.020000,504.743998
1.030000,506.624821
1.040000,504.694783
1.050000,504.668325
1.060000,505.042638
1.070000,502.853521
1.080000,508.935355
1.090000,506.852158
1.100000,503.560934
1.110000,504.848863
1.120000,501.155646
1.130000,505.092077
1.140000,503.251001
1.150000,505.929694
1.160000,504.721157
1.170000,503.001442
1.180000,506.441653
1.190000,505.409581
1.200000,506.142763
1.210000,503.104103
1.220000,504.928414
1.230000,507.422897
1.240000,505.248528
1.250000,504.653142
1.260000,506.376227
1.270000,504.533131
1.280000,507.086472
1.290000,506.387624
1.300000,507.055509
1.310000,504.969598
1.320000,504.405212
1.330000,506.674515
1.340000,506.103536
1.350000,506.804403
1.360000,506.892751
1.370000,507.795817
1.380000,504.689129
1.390000,503.715388
1.400000,505.517127
1.410000,504.478234
1.420000,505.155098
1.430000,507.959820
1.440000,506.761136
1.450000,503.608874
1.460000,503.667953
1.470000,506.283421
1.480000,505.454925
1.490000,505.626913
1.500000,505.685912
1.510000,504.937425
1.520000,502.537388
1.530000,505.792790
1.540000,506.063946
1.550000,505.319041
1.560000,504.810667
1.570000,503.450645
1.580000,502.795248
1.590000,507.097512
1.600000,504.187281
1.610000,505.382141
1.620000,504.052852
1.630000,507.117283
1.640000,506.256899
1.650000,504.250766
1.660000,506.748554
1.670000,503.489988
1.680000,506.901076
1.690000,506.586996
1.700000,505.598122
1.710000,507.081487
1.720000,505.482309
1.730000,508.172169
1.740000,505.353601
1.750000,503.469227
1.760000,504.289378
1.770000,506.458924
1.780000,505.067589
1.790000,505.225599
1.800000,506.342255
1.810000,505.973358
1.820000,503.440088
1.830000,504.781434
1.840000,506.083212
1.850000,505.491870
1.860000,504.473550
1.870000,505.740795
1.880000,505.102180
1.890000,506.400099
1.900000,506.175147
1.910000,505.218781
1.920000,507.426097
1.930000,504.843797
1.940000,505.886585
1.950000,502.897461
1.960000,508.463183
1.970000,506.105571
1.980000,506.765637
1.990000,504.993487
2.000000,507.596910
2.010000,504.542835
2.020000,504.353712
2.030000,504.422220
2.040000,505.927153
2.050000,504.517662
2.060000,504.405526
2.070000,505.615023
2.080000,504.938231
2.090000,505.240426
2.100000,505.664275
2.110000,504.719240
2.120000,504.645047
2.130000,502.129577
2.140000,505.173093
2.150000,504.190854
2.160000,503.813066
2.170000,504.370202
2.180000,502.729408
2.190000,505.093965
2.200000,504.535996
2.210000,502.023179
2.220000,504.463486
2.230000,505.517011
2.240000,505.968784
2.250000,503.732435
2.260000,502.840985
2.270000,504.254984
2.280000,504.482962
2.290000,505.625895
2.300000,507.908993
2.310000,503.342706
2.320000,505.792308
2.330000,505.700682
2.340000,504.476671
2.350000,504.714672
2.360000,505.530039
2.370000,505.964640
2.380000,504.243234
2.390000,506.485574
2.400000,503.503852
2.410000,505.814966
2.420000,504.586062
2.430000,503.572413
2.440000,503.342075
2.450000,503.622162
2.460000,506.134476
2.470000,505.461476
2.480000,505.403370
2.490000,505.540167
2.500000,502.899715
2.510000,502.695364
2.520000,504.706419
2.530000,505.998991
2.540000,504.999451
2.550000,506.853552
2.560000,506.575787
2.570000,504.492342
2.580000,506.572674
2.590000,503.705563
2.600000,503.282296
2.610000,506.072500
2.620000,506.556949
2.630000,506.105570
2.640000,502.945666
2.650000,503.883397
2.660000,503.457430
2.670000,506.571686
2.680000,503.313656
2.690000,503.496913
2.700000,508.088907
2.710000,504.483160
2.720000,503.873644
2.730000,506.725890
2.740000,506.896184
2.750000,505.048050
2.760000,506.819344
2.770000,505.915230
2.780000,506.957146
2.790000,504.391108
2.800000,502.509637
2.810000,505.537246
2.820000,502.839896
2.830000,505.108366
2.840000,507.427911
2.850000,503.776550
2.860000,505.126953
2.870000,508.572512
2.880000,505.943776
2.890000,505.307486
2.900000,502.137892
2.910000,505.116104
2.920000,503.457349
2.930000,505.919578
2.940000,503.082616
2.950000,503.195241
2.960000,501.412601
2.970000,503.203100
2.980000,506.173601
2.990000,505.404337
3.000000,505.238636
3.010000,504.790052
3.020000,505.170449
3.030000,503.759610
3.040000,504.778551
3.050000,507.896652
3.060000,503.188334
3.070000,504.864811
3.080000,504.687059
3.090000,504.447871
3.100000,504.346420
3.110000,503.259011
3.120000,501.873725
3.130000,505.103983
3.140000,503.961126
3.150000,506.601608
3.160000,504.329320
3.170000,503.474572
3.180000,508.201883
3.190000,506.812267
3.200000,504.706374
3.210000,502.366255
3.220000,505.033578
3.230000,506.962388
3.240000,503.007225
3.250000,504.182086
3.260000,504.617638
3.270000,503.444323
3.280000,504.817538
3.290000,504.807621
3.300000,503.162944
3.310000,504.512761
3.320000,503.646213
3.330000,505.808035
3.340000,505.911737
3.350000,505.461994
3.360000,503.667256
3.370000,505.418606
3.380000,505.728436
3.390000,505.453873
3.400000,505.005825
3.410000,504.688846
3.420000,503.799837
3.430000,504.355601
3.440000,506.142464
3.450000,507.094646
3.460000,504.411224
3.470000,503.872810
3.480000,506.759121
3.490000,505.779735
3.500000,504.585621
3.510000,501.659668
3.520000,504.595374
3.530000,503.940575
3.540000,506.431309
3.550000,505.430345
3.560000,504.380285
3.570000,504.121144
3.580000,505.529498
3.590000,503.730709
3.600000,505.450362
3.610000,505.310052
3.620000,502.795111
3.630000,506.046384
3.640000,503.759394
3.650000,504.714860
3.660000,506.095830
3.670000,504.535364
3.680000,504.362915
3.690000,506.418301
3.700000,504.692666
3.710000,504.919390
3.720000,505.526019
3.730000,503.560415
3.740000,504.747134
3.750000,502.866407
3.760000,504.211647
3.770000,501.525651
3.780000,504.503527
3.790000,503.354654
3.800000,505.873346
3.810000,504.770524
3.820000,505.277838
3.830000,506.546823
3.840000,505.727400
3.850000,506.040656
3.860000,505.218943
3.870000,507.296344
3.880000,507.528691
3.890000,503.591420
3.900000,504.149173
3.910000,503.406529
3.920000,507.124344
3.930000,504.478911
3.940000,503.856855
3.950000,502.550597
3.960000,503.666517
3.970000,505.102839
3.980000,506.618028
3.990000,503.173311
4.000000,501.895609
4.010000,504.772207
4.020000,504.185651
4.030000,503.074163
4.040000,504.335786
4.050000,503.735569
4.060000,503.741860
4.070000,503.495157
4.080000,505.460487
4.090000,505.621075
4.100000,504.859638
4.110000,504.727762
4.120000,504.004551
4.130000,505.691057
4.140000,505.006380
4.150000,503.692588
4.160000,502.193440
4.170000,505.397973
4.180000,505.823365
4.190000,506.556301
4.200000,505.176720
4.210000,504.374128
4.220000,505.904605
4.230000,504.805479
4.240000,506.212103
4.250000,504.915462
4.260000,505.499559
4.270000,505.102426
4.280000,504.757398
4.290000,504.268036
4.300000,506.628093
4.310000,503.141465
4.320000,502.647596
4.330000,504.334302
4.340000,504.070513
4.350000,506.211643
4.360000,507.728687
4.370000,502.045385
4.380000,505.274133
4.390000,503.993896
4.400000,504.893467
4.420000,502.392934
4.430000,506.892942
4.440000,505.371907
4.450000,506.443954
4.460000,503.730742
4.470000,504.070481
4.480000,504.578450
4.490000,506.276777
4.500000,507.424745
4.510000,505.742755
4.520000,505.209315
4.530000,505.623794
4.540000,505.431166
4.550000,503.336929
4.560000,504.142455
4.570000,504.444865
4.580000,506.644194
4.590000,507.402242
4.600000,505.352943
4.610000,505.379823
4.620000,506.145102
4.630000,504.746736
4.640000,504.673895
4.650000,504.816737
4.660000,505.674650
4.670000,504.723821
4.680000,506.026092
4.690000,504.063845
4.700000,504.243175
4.710000,505.534141
4.720000,503.865832
4.730000,504.635126
4.740000,503.464466
4.750000,503.803943
4.760000,505.146581
4.770000,504.314755
4.780000,506.648188
4.790000,505.412313
4.800000,503.872549
4.810000,503.456107
4.820000,505.190986
4.830000,505.728862
4.840000,504.170685
4.850000,503.015480
4.860000,505.373733
4.870000,505.213248
4.880000,502.713515
4.890000,503.986136
4.900000,502.591514
4.910000,503.340515
4.920000,505.000330
4.930000,505.851666
4.940000,504.243802
4.950000,504.670019
4.960000,502.951347
4.970000,506.630318
4.980000,505.456943
4.990000,504.667541
5.000000,505.306099
5.010000,507.180489
5.020000,505.085557
5.030000,505.284767
5.040000,506.560165
5.050000,503.538946
5.060000,504.951933
5.070000,505.036744
5.080000,504.535091
5.090000,506.887143
5.100000,505.392503
5.110000,504.532730
5.120000,505.039650
5.130000,504.814687
5.140000,505.035148
5.150000,503.280009
5.160000,504.338182
5.170000,504.787084
5.180000,503.764389
5.190000,505.617427
5.200000,504.550852
5.210000,503.473174
5.220000,504.683253
5.230000,506.090680
5.240000,504.552319
5.250000,504.882955
5.260000,503.451393
5.270000,506.985598
5.280000,505.048117
5.290000,505.922884
5.300000,506.383810
5.310000,504.858538
5.320000,505.610297
5.330000,505.230841
5.340000,505.857579
5.350000,506.239022
5.360000,508.203616
5.370000,505.829758
5.380000,503.539010
5.390000,506.635458
5.400000,504.341267
5.410000,505.727008
5.420000,504.312687
5.430000,506.475502
5.440000,503.951445
5.450000,505.531112
5.460000,505.540497
5.470000,505.961399
5.480000,505.507174
5.490000,505.076473
5.500000,502.225595
5.510000,505.128765
5.520000,501.582573
5.530000,505.816643
5.540000,503.308496
5.550000,505.329669
5.560000,505.163278
5.570000,503.672767
5.580000,504.784055
5.590000,505.071933
5.600000,504.361861
5.610000,505.859295
5.620000,507.060515
5.630000,504.202729
5.640000,504.405543
5.650000,504.662036
5.660000,503.399304
5.670000,505.480180
5.680000,505.780172
5.690000,502.624190
5.700000,505.103603
5.710000,503.375197
5.720000,505.596087
5.730000,507.482212
5.740000,503.774461
5.750000,505.580988
5.760000,505.330867
5.770000,504.446023
5.780000,503.491722
5.790000,503.524009
5.800000,505.807556
5.810000,504.243119
5.820000,504.992226
5.830000,505.890455
5.840000,505.454239
5.850000,505.144694
5.860000,504.470964
5.870000,504.683646
5.880000,503.839883
5.890000,503.671249
5.900000,504.573111
5.910000,504.853981
5.920000,504.883064
5.930000,504.380171
5.940000,506.142384
5.950000,504.885357
5.960000,503.718767
5.970000,504.527152
5.980000,503.190007
5.990000,505.411681
6.000000,507.127562
6.010000,503.593726
6.020000,503.403593
6.030000,504.536805
6.040000,504.734394
6.050000,504.514362
6.060000,505.037400
6.070000,506.318702
6.080000,506.442807
6.090000,503.798612
6.100000,505.253155
6.110000,505.998116
6.120000,503.501720
6.130000,506.010506
6.140000,504.644734
6.150000,506.280150
6.160000,506.285869
6.170000,503.287868
6.180000,503.786712
6.190000,504.617933
6.200000,506.375333
6.210000,503.060219
6.220000,503.315619
6.230000,503.699123
6.240000,505.993342
6.250000,504.953010
6.260000,507.105255
6.270000,504.144252
6.280000,505.186030
6.290000,504.151627
6.300000,505.992096
6.310000,504.340108
6.320000,503.454808
6.330000,505.171117
6.340000,506.338230
6.350000,504.128159
6.360000,504.070489
6.370000,504.849532
6.380000,504.752226
6.390000,508.345098
6.400000,505.291055
6.410000,502.387478
6.420000,504.533112
6.430000,505.251215
6.440000,505.676605
6.450000,505.759535
6.460000,504.786306
6.470000,506.552564
6.480000,501.401583
6.490000,507.241153
6.500000,502.764985
6.510000,506.330113
6.520000,505.458732
6.530000,504.875983
6.540000,504.220800
6.550000,504.471042
6.560000,504.096160
6.570000,505.138608
6.580000,504.635436
6.590000,505.454708
6.600000,504.794440
6.610000,504.517704
6.620000,502.921970
6.630000,506.141242
6.640000,503.853359
6.650000,504.952018
6.660000,502.896036
6.670000,502.765720
6.680000,504.191659
6.690000,506.143175
6.700000,503.249584
6.710000,506.020613
6.720000,501.508018
6.730000,503.749168
6.740000,502.049997
6.750000,504.514579
6.760000,504.206341
6.770000,505.165520
6.780000,505.389239
6.790000,506.436653
6.800000,504.667481
6.810000,505.050299
6.820000,503.540614
6.830000,504.959454
6.840000,502.464945
6.850000,507.384752
6.860000,505.480001
6.870000,503.944687
6.880000,504.435998
6.890000,504.378451
6.900000,504.279299
6.910000,505.133864
6.920000,505.282139
6.930000,503.072211
6.940000,505.571494
6.950000,503.169878
6.960000,503.353903
6.970000,504.914127
6.980000,505.605813
6.990000,504.289701
7.000000,502.577680
7.010000,503.890291
7.020000,505.464712
7.030000,505.851049
7.040000,504.287547
7.050000,502.337428
7.060000,503.022991
7.070000,504.406497
7.080000,503.575681
7.090000,506.293945
7.100000,503.616108
7.110000,505.482905
7.120000,505.572481
7.130000,505.121934
7.140000,506.102177
7.150000,503.108756
7.160000,504.851332
7.170000,505.224789
7.180000,508.964806
7.190000,504.758723
7.200000,504.005135
7.210000,505.201103
7.220000,504.648706
7.230000,503.894048
7.240000,502.816435
7.250000,502.529283
7.260000,505.922974
7.270000,506.893632
7.280000,505.946650
7.290000,505.480537
7.300000,503.124178
7.310000,503.972072
7.320000,505.495813
7.330000,507.533953
7.340000,506.411948
7.350000,505.756597
7.360000,504.888236
7.370000,505.183025
7.380000,505.927184
7.390000,503.955878
7.400000,509.563798
7.410000,504.288420
7.420000,503.430914
7.430000,505.368864
7.440000,504.336323
7.450000,505.594392
7.460000,504.869354
7.470000,504.116214
7.480000,501.538912
7.490000,504.737486
7.500000,506.090807
7.510000,503.430328
7.520000,505.080305
7.530000,505.624122
7.540000,506.505838
7.550000,504.298842
7.560000,501.519829
7.570000,503.939085
7.580000,505.762334
7.590000,506.336851
7.600000,506.879002
7.610000,503.680934
7.620000,504.084994
7.630000,507.813407
7.640000,505.945031
7.650000,504.880772
7.660000,505.532753
7.670000,505.390626
7.680000,505.868805
7.690000,503.948565
7.700000,507.016996
7.710000,502.453948
7.720000,504.896041
7.730000,506.055710
7.740000,508.537327
7.750000,501.294822
7.760000,505.581517
7.770000,504.063325
7.780000,504.190727
7.790000,506.050354
7.800000,506.756432
7.810000,505.641254
7.820000,505.203439
7.830000,502.914608
7.840000,503.785693
7.850000,504.185777
7.860000,505.001535
7.870000,502.327528
7.880000,504.895835
7.890000,504.568486
7.900000,507.195594
7.910000,505.270763
7.920000,504.315464
7.930000,505.431992
7.940000,504.656859
7.950000,504.158493
7.960000,504.815949
7.970000,504.080444
7.980000,504.016565
7.990000,504.183152
8.000000,503.451711
8.010000,503.408561
8.020000,504.057245
8.030000,503.744720
8.040000,505.367795
8.050000,503.274097
8.060000,503.971890
8.070000,504.990233
8.080000,504.337924
8.090000,504.724620
8.100000,505.225605
8.110000,504.591139
8.120000,505.093356
8.130000,503.744648
8.140000,505.626808
8.150000,502.029563
8.160000,506.007521
8.170000,505.734834
8.180000,504.742711
8.190000,504.704761
8.200000,505.094354
8.210000,503.881591
8.220000,504.596309
8.230000,504.776819
8.240000,505.400763
8.250000,505.910762
8.260000,505.039632
8.270000,502.795519
8.280000,504.960419
8.290000,504.906647
8.300000,503.733928
8.310000,502.455737
8.320000,507.169044
8.330000,507.048465
8.340000,503.092026
8.350000,505.277950
8.360000,505.307235
8.370000,503.929447
8.380000,504.614597
8.390000,504.646837
8.400000,505.802774
8.410000,503.960696
8.420000,505.120221
8.430000,505.203831
8.440000,501.902975
8.450000,505.453229
8.460000,503.704929
8.470000,504.183917
8.480000,506.787557
8.490000,504.404078
8.500000,505.274705
8.510000,505.039480
8.520000,502.891865
8.530000,504.718004
8.540000,505.490136
8.550000,505.716493
8.560000,503.232760
8.570000,508.017141
8.580000,504.343444
8.590000,503.035309
8.600000,505.199863
8.610000,504.365654
8.620000,504.529376
8.630000,506.521706
8.640000,504.162430
8.650000,505.848672
8.660000,503.846869
8.670000,504.544815
8.680000,506.846289
8.690000,504.127864
8.700000,504.894172
8.710000,505.527591
8.720000,505.926590
8.730000,504.693180
8.740000,503.346761
8.750000,504.666832
8.760000,502.775701
8.770000,503.025158
8.780000,503.748053
8.790000,503.622942
8.800000,504.579538
8.810000,504.051032
8.820000,505.103515
8.830000,504.116546
8.840000,505.283901
8.850000,506.883732
8.860000,503.549043
8.870000,504.420141
8.880000,505.224280
8.890000,506.902717
8.900000,506.177623
8.910000,504.873764
8.920000,504.770546
8.930000,503.225385
8.940000,504.987589
8.950000,506.424975
8.960000,503.907000
8.970000,504.301543
8.980000,505.587955
8.990000,504.633061
9.000000,506.294003
9.010000,506.687217
9.020000,505.295378
9.030000,504.276953
9.040000,505.085682
9.050000,504.235776
9.060000,505.625065
9.070000,505.764985
9.080000,506.602413
9.090000,505.622088
9.100000,500.735311
9.110000,505.061759
9.120000,505.379823
9.130000,507.152960
9.140000,505.867648
9.150000,506.039821
9.160000,504.654990
9.170000,505.358831
9.180000,503.680743
9.190000,505.732170
9.200000,505.646192
9.210000,503.912993
9.220000,504.232391
9.230000,506.212731
9.240000,506.410799
9.250000,506.388631
9.260000,503.704947
9.270000,505.433174
9.280000,507.137936
9.290000,508.255963
9.300000,506.202780
9.310000,503.639078
9.320000,503.508717
9.330000,505.111965
9.340000,505.508099
9.350000,505.159932
9.360000,505.018370
9.370000,505.449610
9.380000,505.942908
9.390000,504.392639
9.400000,505.670662
9.410000,505.690223
9.420000,504.852908
9.430000,506.188705
9.440000,504.642578
9.450000,503.092377
9.460000,506.140503
9.470000,506.140527
9.480000,503.879440
9.490000,505.571282
9.500000,502.443878
9.510000,505.091827
9.520000,504.361569
9.530000,503.409081
9.540000,504.964904
9.550000,504.603337
9.560000,506.941062
9.570000,506.637735
9.580000,504.535425
9.590000,504.332419
9.600000,504.932255
9.610000,507.793021
9.620000,504.593659
9.630000,506.600495
9.640000,505.473544
9.650000,505.362087
9.660000,502.566303
9.670000,505.332500
9.680000,505.536133
9.690000,506.456912
9.700000,502.183825
9.710000,506.529921
9.720000,504.314273
9.730000,506.383855
9.740000,505.783604
9.750000,503.313016
9.760000,506.865638
9.770000,504.051185
9.780000,504.111223
9.790000,504.112866
9.800000,503.961792
9.810000,504.771691
9.820000,503.734532
9.830000,507.583150
9.840000,504.176367
9.850000,504.395377
9.860000,502.546053
9.870000,509.729035
9.880000,503.590122
9.890000,501.945090
9.900000,504.966289
9.910000,507.013562
9.920000,504.983285
9.930000,505.773158
9.940000,506.463596
9.950000,504.917515
9.960000,503.019072
9.970000,504.813058
9.980000,507.767494
9.990000,504.232570
10.000000,504.518185
10.010000,506.875625
10.020000,505.214202
10.030000,506.400657
10.040000,506.921838
10.050000,503.262192
10.060000,505.085189
10.070000,502.799783
10.080000,504.609778
10.090000,505.082213
10.100000,504.288983
10.110000,505.288379
10.120000,502.382556
10.130000,504.847696
10.140000,506.793261
10.150000,502.459801
10.160000,502.428442
10.170000,505.916940
10.180000,505.507515
10.190000,506.530868
10.200000,506.113009
10.210000,505.602159
10.220000,504.357171
10.230000,507.337668
10.240000,506.760573
10.250000,504.382862
10.260000,505.190567
10.270000,503.818014
10.280000,503.316367
10.290000,505.190207
10.300000,502.961073
10.310000,502.711452
10.320000,503.156567
10.330000,501.175182
10.340000,504.047672
10.350000,503.557978
10.360000,504.220074
10.370000,504.828553
10.380000,504.256669
10.390000,503.448585
10.400000,504.413608
10.410000,505.505265
10.420000,504.853592
10.430000,506.004791
10.440000,507.192595
10.450000,506.553186
10.460000,505.009012
10.470000,504.534435
10.480000,502.436048
10.490000,505.840097
10.500000,503.877929
10.510000,506.907655
10.520000,507.288184
10.530000,504.798058
10.540000,507.394940
10.550000,502.668376
10.560000,504.157741
10.570000,503.376717
10.580000,505.022836
10.590000,507.256380
10.600000,503.424564
10.610000,503.426482
10.620000,505.226191
10.630000,506.443851
10.640000,507.735869
10.650000,505.644151
10.660000,504.640260
10.670000,504.672389
10.680000,505.774751
10.690000,503.693676
10.700000,505.068866
10.710000,502.358209
10.720000,503.838328
10.730000,506.313059
10.740000,506.367218
10.750000,505.137175
10.760000,505.451003
10.770000,503.353238
10.780000,504.543256
10.790000,503.765162
10.800000,502.441302
10.810000,504.971902
10.820000,503.904878
10.830000,507.158487
10.840000,504.747698
10.850000,506.156508
10.860000,503.342091
10.870000,507.947255
10.880000,504.718284
10.890000,506.519411
10.900000,507.317009
10.910000,506.817942
10.920000,501.632112
10.930000,506.283416
10.940000,504.827381
10.950000,503.072757
10.960000,503.334104
10.970000,503.397023
10.980000,505.341405
10.990000,505.656698
11.000000,505.271555
11.010000,504.174853
11.020000,506.433772
11.030000,506.624371
11.040000,505.907727
11.050000,502.140535
11.060000,504.069730
11.070000,503.625247
11.080000,504.487694
11.090000,503.377464
11.100000,501.343328
11.110000,504.906208
11.120000,501.193358
11.130000,503.794402
11.140000,504.090472
11.150000,501.454015
11.160000,503.401674
11.170000,506.186256
11.180000,502.242078
11.190000,502.219861
11.200000,502.384689
11.210000,505.758637
11.220000,505.501247
11.230000,502.191223
11.240000,505.055630
11.250000,504.968491
11.260000,503.647538
11.270000,504.026313
11.280000,505.810138
11.290000,505.763780
11.300000,506.270907
11.310000,505.136816
11.320000,503.635270
11.330000,504.753135
11.340000,506.230005
11.350000,503.816220
11.360000,502.837217
11.370000,505.727248
11.380000,504.570644
11.390000,504.260582
11.400000,502.630410
11.410000,505.412961
11.420000,504.496599
11.430000,506.111445
11.440000,503.871587
11.450000,503.309130
11.460000,505.398751
11.470000,503.602066
11.480000,504.940953
11.490000,501.156874
11.500000,501.353707
11.510000,503.346188
11.520000,502.582953
11.530000,504.105058
11.540000,503.604097
11.550000,504.471400
11.560000,502.161202
11.570000,505.874405
11.580000,502.353460
11.590000,504.607089
11.600000,502.409827
11.610000,506.318163
11.620000,504.118713
11.630000,508.401472
11.640000,504.639298
11.650000,503.957895
11.660000,502.447493
11.670000,508.308689
11.680000,507.317665
11.690000,505.099914
11.700000,503.169067
11.710000,505.606863
11.720000,503.067492
11.730000,507.316753
11.740000,504.297788
11.750000,503.314891
11.760000,503.320284
11.770000,503.382893
11.780000,506.423443
11.790000,504.620734
11.800000,505.193670
11.810000,506.110423
11.820000,504.482252
11.830000,500.952232
11.840000,504.061411
11.850000,505.818334
11.860000,504.546029
11.870000,504.963733
11.880000,503.809570
11.890000,504.883104
11.900000,505.592189
11.910000,503.947005
11.920000,503.456525
11.930000,504.492097
11.940000,504.586937
11.950000,503.464534
11.960000,505.266561
11.970000,503.343815
11.980000,505.543940
11.990000,503.853551
12.000000,502.510747
12.010000,507.563551
12.020000,504.322006
12.030000,504.758431
12.040000,505.184373
12.050000,504.244584
12.060000,504.308926
12.070000,504.883252
12.080000,504.795371
12.090000,507.275687
12.100000,503.549895
12.110000,504.291062
12.120000,506.097498
12.130000,505.056974
12.140000,506.073486
12.150000,502.334967
12.160000,504.459159
12.170000,505.685765
12.180000,505.320502
12.190000,504.188026
12.200000,504.962483
12.210000,506.251818
12.220000,503.936908
12.230000,506.210297
12.240000,503.862448
12.250000,503.449133
12.260000,501.197779
12.270000,506.378924
12.280000,505.367189
12.290000,504.896011
12.300000,505.978998
12.310000,503.328177
12.320000,504.054942
12.330000,504.312869
12.340000,507.095718
12.350000,505.297049
12.360000,503.974323
12.370000,504.009499
12.380000,503.575753
12.390000,505.205572
12.400000,503.904797
12.410000,504.625493
12.420000,504.177364
12.430000,505.482785
12.440000,504.453904
12.450000,505.225030
12.460000,504.210327
12.470000,506.385302
12.480000,504.918505
12.490000,502.763858
12.500000,501.984432
12.510000,506.513540
12.520000,504.608145
12.530000,506.152995
12.540000,504.604688
12.550000,504.306983
12.560000,505.684385
12.570000,503.728452
12.580000,503.111906
12.590000,501.958655
12.600000,502.984534
12.610000,503.945348
12.620000,504.188528
12.630000,503.070785
12.640000,505.241661
12.650000,504.609811
12.660000,504.649898
12.670000,507.149547
12.680000,504.679982
12.690000,504.664456
12.700000,505.735185
12.710000,505.250981
12.720000,503.192631
12.730000,506.585647
12.740000,505.253566
12.750000,503.840674
12.760000,504.027442
12.770000,503.724406
12.780000,503.464428
12.790000,505.144363
12.800000,503.366189
12.810000,505.201204
12.820000,504.002854
12.830000,505.338724
12.840000,505.572477
12.850000,503.528238
12.860000,502.451709
12.870000,504.022589
12.880000,503.776522
12.890000,500.890463
12.900000,504.271320
12.910000,505.177293
12.920000,505.882200
12.930000,505.085950
12.940000,504.109536
12.950000,504.583493
12.960000,503.366335
12.970000,500.524814
12.980000,503.484591
12.990000,502.990926
13.000000,504.778838
13.010000,504.992245
13.020000,506.037470
13.030000,503.737706
13.040000,505.576864
13.050000,504.026066
13.060000,506.783835
13.070000,501.596173
13.080000,506.671575
13.090000,502.685253
13.100000,504.383074
13.110000,505.053619
13.120000,505.930255
13.130000,505.394198
13.140000,505.571271
13.150000,505.146300
13.160000,505.034359
13.170000,506.240849
13.180000,504.738246
13.190000,505.200531
13.200000,504.536680
13.210000,506.569611
13.220000,505.264905
13.230000,503.813491
13.240000,504.163196
13.250000,503.662591
13.260000,503.436720
13.270000,504.026096
13.280000,503.350049
13.290000,504.545088
13.300000,504.608773
13.310000,503.305127
13.320000,505.853553
13.330000,504.960108
13.340000,505.590482
13.350000,505.418327
13.360000,504.561273
13.370000,504.592761
13.380000,506.478620
13.390000,505.481096
13.400000,503.372652
13.410000,504.639619
13.420000,507.421438
13.430000,505.733532
13.440000,503.253114
13.450000,504.496912
13.460000,505.813090
13.470000,503.959196
13.480000,501.514886
13.500000,503.576405
13.510000,502.271537
13.520000,502.795609
13.530000,504.249737
13.540000,503.391307
13.550000,505.505474
13.560000,503.189786
13.570000,505.016905
13.580000,503.718065
13.590000,506.050015
13.600000,506.531888
13.610000,503.812598
13.620000,504.777515
13.630000,504.717546
13.640000,504.088901
13.650000,503.071480
13.660000,502.211639
13.670000,505.479394
13.680000,505.937357
13.690000,505.605760
13.700000,507.699910
13.710000,504.349823
13.720000,506.919555
13.730000,505.855721
13.740000,507.833007
13.750000,504.141951
13.760000,506.176385
13.770000,503.280388
13.780000,504.637803
13.790000,505.172236
13.800000,505.217869
13.810000,506.569850
13.820000,506.253588
13.830000,507.604293
13.840000,506.808965
13.850000,504.897308
13.860000,504.604148
13.870000,507.421246
13.880000,505.399455
13.890000,506.269067
13.900000,505.214018
13.910000,506.305199
13.920000,505.118013
13.930000,504.567816
13.940000,503.667573
13.950000,504.675467
13.960000,503.687593
13.970000,508.261286
13.980000,505.681459
13.990000,503.256154
14.000000,505.424778
14.010000,502.529510
14.030000,504.608320
14.040000,505.102376
14.050000,505.038777
14.060000,505.038235
14.070000,506.962797
14.080000,504.005332
14.090000,503.853700
14.100000,507.022920
14.110000,506.369630
14.120000,506.822244
14.130000,504.777886
14.140000,504.895589
14.150000,506.551798
14.160000,505.471600
14.170000,505.713128
14.180000,502.606937
14.190000,506.199174
14.200000,504.073807
14.210000,505.877639
14.220000,504.448239
14.230000,503.292778
14.240000,506.784296
14.250000,504.325329
14.260000,505.691868
14.270000,502.656526
14.280000,504.469443
14.290000,505.754806
14.300000,505.226039
14.310000,501.176691
14.320000,505.360055
14.330000,507.005363
14.340000,504.997531
14.350000,504.396048
14.360000,507.884119
14.370000,504.886895
14.380000,505.573233
14.390000,501.727501
14.400000,504.651612
14.410000,505.697817
14.420000,504.743600
14.430000,504.398207
14.440000,504.678285
14.450000,505.138738
14.460000,503.471487
14.470000,505.224444
14.480000,504.041721
14.490000,506.527500
14.500000,506.324602
14.510000,504.014005
14.520000,502.614670
14.530000,506.997850
14.540000,503.942382
14.550000,504.951230
14.560000,503.782722
14.570000,505.581024
14.580000,506.248584
14.590000,504.708571
14.600000,503.280124
14.610000,503.596250
14.620000,505.314871
14.630000,505.647010
14.640000,504.387024
14.650000,503.929678
14.660000,506.145162
14.670000,503.967018
14.680000,503.822419
14.690000,504.500402
14.700000,504.967691
14.710000,505.898828
14.720000,505.483957
14.730000,504.497750
14.740000,503.821683
14.750000,502.306035
14.760000,504.416419
14.770000,504.078688
14.780000,505.724789
14.790000,506.064245
14.800000,504.823801
14.810000,502.342183
14.820000,505.484288
14.830000,505.581011
14.840000,505.362543
14.850000,504.235415
14.860000,504.722574
14.870000,505.343938
14.880000,501.770574
14.890000,504.700566
14.900000,504.314438
14.910000,503.988702
14.920000,504.274833
14.930000,503.409655
14.940000,505.328239
14.950000,502.595938
14.960000,504.596662
14.970000,502.301441
14.980000,504.796549
14.990000,505.602351
15.000000,505.413064
15.010000,503.200894
15.020000,503.670610
15.030000,505.294578
15.040000,505.023566
15.050000,502.955877
15.060000,504.413263
15.070000,507.544115
15.080000,504.229162
15.090000,505.296059
15.100000,502.848415
15.110000,506.268776
15.120000,504.482618
15.130000,503.711285
15.140000,503.090013
15.150000,501.325143
15.160000,505.599250
15.170000,505.332012
15.180000,504.750842
15.190000,503.070798
15.200000,505.941315
15.210000,503.900009
15.220000,504.242749
15.230000,505.515594
15.240000,503.992441
15.250000,504.822906
15.260000,503.730229
15.270000,504.200456
15.280000,506.012201
15.290000,505.090213
15.300000,504.521479
15.310000,505.386619
15.320000,502.942149
15.330000,503.321499
15.340000,505.138305
15.350000,504.172668
15.360000,504.318508
15.370000,503.551037
15.380000,503.922334
15.390000,504.455422
15.400000,505.509523
15.410000,505.161403
15.420000,502.324469
15.430000,505.077259
15.440000,504.874425
15.450000,503.935330
15.460000,507.286155
15.470000,505.394789
15.480000,506.235045
15.490000,506.278928
15.500000,500.502365
15.510000,504.121197
15.520000,505.072162
15.530000,504.691525
15.540000,505.616406
15.550000,505.114033
15.560000,504.707900
15.570000,505.557772
15.580000,505.116703
15.590000,504.360372
15.600000,506.763978
15.610000,502.945797
15.620000,504.904730
15.630000,504.898191
15.640000,505.017222
15.650000,503.981879
15.660000,503.692634
15.670000,503.629782
15.680000,502.936955
15.690000,504.569880
15.700000,502.584996
15.710000,502.077255
15.720000,504.279392
15.730000,503.838431
15.740000,505.281031
15.750000,504.954056
15.760000,505.367555
15.770000,505.428528
15.780000,502.353171
15.790000,507.797767
15.800000,504.512378
15.810000,504.033440
15.820000,507.767846
15.830000,505.526960
15.840000,504.649643
15.850000,502.788230
15.860000,505.307596
15.870000,503.228800
15.880000,504.468215
15.890000,502.940409
15.900000,506.565796
15.910000,503.806283
15.920000,503.512909
15.930000,505.421309
15.940000,503.943458
15.950000,504.451279
15.960000,503.040125
15.970000,504.857816
15.980000,503.332972
15.990000,506.112261
16.000000,504.658371
16.010000,504.145447
16.020000,503.947603
16.030000,504.191069
16.040000,505.815197
16.050000,506.073862
16.060000,502.802700
16.070000,507.718451
16.080000,505.119740
16.090000,504.806310
16.100000,504.646790
16.110000,503.144154
16.120000,503.953358
16.130000,505.147036
16.140000,503.535725
16.150000,503.850864
16.160000,505.539056
16.170000,505.874360
16.180000,505.140387
16.190000,506.111613
16.200000,504.398065
16.210000,503.313437
16.220000,506.313488
16.230000,504.442868
16.240000,506.397214
16.250000,504.387450
16.260000,504.538173
16.270000,505.965998
16.280000,506.011804
16.290000,505.956838
16.300000,503.089816
16.310000,503.092628
16.320000,502.610472
16.340000,503.189588
16.350000,508.289103
16.360000,505.094061
16.370000,502.423080
16.380000,504.227335
16.390000,503.690229
16.400000,504.287767
16.410000,504.379865
16.420000,504.557582
16.440000,502.241919
16.450000,504.433454
16.460000,506.021497
16.470000,505.793646
16.480000,504.831010
16.490000,503.362851
16.500000,502.637014
16.510000,504.394109
16.520000,505.831700
16.530000,503.988120
16.540000,503.738513
16.550000,504.482980
16.560000,502.676517
16.570000,507.173223
16.580000,507.270700
16.590000,504.442727
16.600000,503.434193
16.610000,502.549698
16.620000,504.529797
16.640000,502.396481
16.650000,503.255294
16.660000,505.305156
16.670000,505.562775
16.680000,505.799302
16.690000,501.460569
16.700000,505.021610
16.710000,505.290637
16.720000,507.508582
16.730000,506.082230
16.740000,506.920575
16.750000,503.090403
16.760000,503.414359
16.770000,504.207732
16.780000,504.092290
16.790000,503.034055
16.800000,503.872901
16.810000,507.228127
16.820000,505.593177
16.830000,501.475916
16.840000,506.424471
16.850000,501.429246
16.860000,503.384968
16.870000,503.300124
16.880000,504.240159
16.890000,504.666854
16.900000,503.643123
16.910000,504.461571
16.920000,505.090226
16.940000,502.171313
16.950000,505.343905
16.960000,504.461854
16.970000,506.518113
16.980000,504.656149
16.990000,505.586388
17.000000,501.410036
17.010000,506.561110
17.020000,504.074895
17.030000,502.859025
17.040000,502.540989
17.050000,503.700103
17.060000,504.211509
17.070000,505.276916
17.080000,506.181796
17.090000,506.218666
17.100000,504.936376
17.110000,505.976715
17.120000,504.690274
17.130000,503.846877
17.140000,504.620275
17.150000,502.647663
17.160000,505.990724
17.170000,504.077607
17.180000,505.758538
17.190000,506.381774
17.200000,503.458500
17.210000,502.985928
17.220000,506.759195
17.240000,503.744216
17.250000,501.914170
17.260000,504.788203
17.270000,505.147705
17.280000,505.101182
17.290000,504.474310
17.300000,503.259048
17.310000,506.118586
17.320000,504.549836
17.330000,505.673817
17.340000,509.437757
17.350000,505.123854
17.360000,504.675404
17.370000,504.893063
17.380000,505.996742
17.390000,506.208285
17.400000,502.999505
17.410000,506.352725
17.420000,504.456830
17.430000,505.220625
17.440000,504.358597
17.450000,504.115327
17.460000,503.178647
17.470000,507.687494
17.480000,506.017394
17.490000,503.999012
17.500000,504.397890
17.510000,506.612706
17.520000,505.793765
17.530000,502.688409
17.540000,502.572809
17.550000,503.336009
17.560000,504.285557
17.570000,506.310106
17.580000,505.506563
17.590000,507.251554
17.600000,506.577012
17.610000,504.215354
17.620000,504.957440
17.630000,506.243887
17.640000,503.525129
17.650000,504.516383
17.660000,506.581287
17.670000,505.238563
17.680000,505.659751
17.690000,503.455695
17.700000,501.936725
17.710000,503.087616
17.720000,506.611152
17.730000,503.684636
17.740000,502.489398
17.750000,505.994043
17.760000,502.386832
17.770000,505.022511
17.780000,505.777460
17.790000,503.300132
17.800000,503.410416
17.810000,505.216851
17.820000,504.864757
17.830000,503.938952
17.840000,502.673180
17.850000,504.471854
17.860000,505.170534
17.870000,504.655249
17.880000,505.892976
17.890000,503.262511
17.900000,504.770519
17.910000,505.941541
17.920000,505.426617
17.930000,502.935081
17.940000,505.058472
17.950000,504.839417
17.960000,505.650500
17.970000,502.989738
17.980000,503.969757
17.990000,502.577566
18.000000,501.442963
18.010000,503.543891
18.020000,504.293998
18.030000,504.303294
18.040000,503.333748
18.050000,504.643889
18.060000,501.978104
18.070000,505.898659
18.080000,501.694498
18.090000,502.092068
18.100000,501.857223
18.110000,505.459704
18.120000,503.569720
18.130000,503.158536
18.140000,503.293125
18.150000,502.596006
18.160000,501.883441
18.170000,504.122134
18.180000,503.937971
18.190000,504.930802
18.200000,505.251414
18.210000,502.389453
18.220000,503.726031
18.230000,506.521365
18.240000,506.709652
18.250000,503.615437
18.260000,504.040783
18.270000,504.185706
18.280000,504.813582
18.290000,503.372108
18.300000,501.046959
18.310000,504.456703
18.320000,504.101618
18.330000,503.194018
18.340000,503.586600
18.350000,503.453952
18.360000,506.444034
18.370000,505.330414
18.380000,502.664345
18.390000,504.899721
18.400000,504.439181
18.410000,503.679011
18.420000,505.548595
18.430000,503.741381
18.440000,505.371459
18.450000,504.625107
18.460000,503.889029
18.470000,502.664985
18.480000,505.565638
18.490000,503.936068
18.500000,503.787600
18.510000,503.968790
18.520000,507.906690
18.530000,505.072165
18.540000,505.197206
18.550000,502.697975
18.560000,504.194455
18.570000,504.381317
18.580000,503.360855
18.590000,506.467154
18.600000,503.593029
18.610000,503.083107
18.620000,505.962870
18.630000,504.184662
18.640000,503.380937
18.650000,503.604287
18.660000,504.182091
18.670000,503.305854
18.680000,503.071737
18.690000,506.316501
18.700000,502.937731
18.710000,505.452474
18.720000,503.366483
18.730000,505.088450
18.740000,503.571635
18.750000,503.410497
18.760000,504.625904
18.770000,503.532336
18.780000,503.582859
18.790000,504.747542
18.800000,503.205817
18.810000,501.583737
18.820000,504.412905
18.830000,504.322216
18.840000,503.324802
18.850000,504.412487
18.860000,503.229458
18.870000,504.794046
18.880000,503.107280
18.890000,502.471099
18.900000,503.770375
18.910000,503.959169
18.920000,503.964756
18.930000,505.022610
18.940000,504.311758
18.950000,506.242352
18.960000,502.061838
18.970000,505.652823
18.980000,505.935340
18.990000,503.853222
19.000000,504.751223
19.010000,504.942977
19.020000,506.276881
19.030000,504.846499
19.040000,503.696847
19.050000,503.470233
19.060000,504.854043
19.070000,506.233524
19.080000,504.511634
19.090000,505.826267
19.100000,503.679160
19.110000,501.350848
19.120000,505.959952
19.130000,504.224881
19.140000,504.083856
19.150000,505.698796
19.160000,504.715085
19.170000,506.063939
19.180000,503.641839
19.190000,501.745962
19.200000,504.562287
19.210000,503.723306
19.220000,503.897767
19.230000,504.839044
19.240000,507.007320
19.250000,504.207754
19.260000,504.945612
19.270000,504.416032
19.280000,504.107716
19.290000,502.216461
19.300000,503.798982
19.310000,503.539616
19.320000,506.620588
19.330000,504.081379
19.340000,502.879923
19.350000,505.170116
19.360000,502.519776
19.370000,505.182680
19.380000,504.393121
19.390000,503.871115
19.400000,503.477525
19.410000,504.602163
19.420000,506.306184
19.430000,503.816434
19.440000,503.724009
19.450000,503.652932
19.460000,505.191011
19.470000,504.070467
19.480000,505.431781
19.490000,504.267188
19.500000,507.823744
19.510000,503.474942
19.520000,505.494023
19.530000,502.828730
19.540000,505.735535
19.550000,504.740736
19.560000,503.079633
19.570000,507.130441
19.580000,504.441455
19.590000,506.410265
19.600000,505.007837
19.610000,503.638441
19.620000,504.752818
19.630000,503.872942
19.640000,503.264475
19.650000,504.555859
19.660000,502.729002
19.670000,503.325654
19.680000,502.636074
19.690000,505.787772
19.700000,503.701137
19.710000,503.253477
19.720000,504.987337
19.730000,502.129088
19.740000,502.424217
19.750000,503.602601
19.760000,503.571558
19.770000,503.577763
19.780000,503.039551
19.790000,503.274689
19.800000,504.359081
19.810000,504.958566
19.820000,508.239706
19.830000,500.423748
19.840000,506.585351
19.850000,503.892119
19.860000,502.751202
19.870000,503.829028
19.880000,505.341234
19.890000,503.928155
19.900000,503.845576
19.910000,503.534525
19.920000,503.701159
19.930000,504.407245
19.940000,506.139405
19.950000,505.133423
19.960000,506.257489
19.970000,503.732938
19.980000,504.654471
19.990000,505.852602
20.000000,507.874318
20.010000,505.332241
20.020000,501.705884
20.030000,505.571390
20.040000,505.673153
20.050000,503.603063
20.080000,502.190098
20.090000,502.856115
20.100000,502.669216
20.110000,506.171082
20.120000,502.675071
20.130000,507.411363
20.140000,505.946192
20.150000,503.312881
20.160000,504.172070
20.170000,505.075650
20.180000,503.484460
20.190000,506.599968
20.200000,502.335652
20.210000,503.879611
20.220000,503.152112
20.230000,503.080158
20.240000,504.883819
20.250000,503.176021
20.260000,505.591869
20.270000,503.992145
20.280000,504.670719
20.290000,506.508535
20.300000,506.263455
20.310000,502.901749
20.320000,505.681210
20.330000,503.567041
20.340000,505.233706
20.350000,505.847688
20.360000,502.295048
20.370000,505.826960
20.380000,504.378825
20.390000,502.460932
20.400000,503.628359
20.410000,502.644740
20.420000,504.941923
20.430000,502.763450
20.440000,503.200893
20.450000,502.830451
20.460000,503.642955
20.470000,503.301085
20.480000,504.494015
20.490000,504.146355
20.500000,505.859516
20.510000,503.741002
20.520000,504.560772
20.530000,504.047575
20.540000,505.140062
20.550000,505.541158
20.560000,504.567648
20.570000,503.527670
20.580000,505.317713
20.590000,503.711988
20.600000,504.591457
20.610000,501.559079
20.620000,503.167970
20.630000,504.621732
20.640000,502.183583
20.650000,505.936087
20.660000,502.381665
20.670000,506.432221
20.680000,503.883342
20.690000,504.783550
20.700000,505.931003
20.710000,506.120559
20.720000,502.268105
20.730000,504.147770
20.740000,504.638431
20.750000,504.333018
20.760000,503.678532
20.770000,504.942696
20.780000,507.001926
20.790000,504.456892
20.800000,505.015846
20.810000,502.851170
20.820000,505.240353
20.840000,504.321976
20.850000,503.118143
20.860000,503.858741
20.870000,504.189698
20.880000,502.785375
20.890000,498.884519
20.900000,503.409790
20.910000,506.510301
20.920000,502.158647
20.930000,505.229212
20.940000,504.651811
20.950000,504.315425
20.960000,504.139216
20.980000,504.129995
20.990000,501.022902
21.000000,502.834009
21.010000,505.680027
21.020000,503.223696
21.040000,503.761957
21.050000,503.899984
21.060000,502.756520
21.070000,506.890832
21.080000,502.874606
21.090000,505.883302
21.100000,504.214856
21.110000,506.197819
21.120000,505.366985
21.130000,503.164166
21.140000,505.899000
21.150000,507.807419
21.160000,504.986387
21.170000,502.969102
21.180000,504.302091
21.190000,506.320036
21.200000,505.063531
21.210000,505.202010
21.220000,505.184905
21.230000,503.354493
21.240000,504.982209
21.250000,505.442560
21.260000,505.350850
21.270000,504.540703
21.280000,507.198009
21.290000,506.307774
21.300000,504.064722
21.310000,502.512562
21.320000,501.234367
21.330000,504.224607
21.350000,505.542903
21.360000,503.193850
21.380000,503.097778
21.390000,503.433930
21.400000,505.856987
21.410000,505.372300
21.420000,501.807408
21.440000,503.718147
21.450000,504.561989
21.470000,504.546879
21.480000,503.943131
21.490000,504.595398
21.500000,501.994599
21.510000,507.528784
21.520000,504.429559
21.530000,505.960580
21.540000,506.323661
21.550000,505.492155
21.560000,504.242850
21.570000,506.046290
21.580000,502.398524
21.590000,503.759438
21.600000,505.580302
21.610000,506.118528
21.620000,505.727418
21.640000,501.864620
21.650000,505.211298
21.660000,504.649263
21.680000,504.318515
21.690000,505.995969
21.700000,501.534876
21.710000,502.993218
21.720000,503.481147
21.740000,505.476301
21.750000,503.943186
21.760000,504.350510
21.770000,505.157914
21.780000,505.282928
21.790000,505.155046
21.800000,502.509757
21.810000,502.997756
21.820000,507.123139
21.830000,503.719118
21.840000,505.306668
21.850000,503.805397
21.860000,504.281311
21.870000,504.378546
21.880000,503.529830
21.890000,504.059430
21.900000,504.283762
21.910000,502.998784
21.920000,504.576420
21.930000,504.075037
21.940000,505.080015
21.950000,506.198943
21.960000,508.966809
21.970000,501.775781
21.980000,506.373491
21.990000,502.793034
22.000000,504.115531
22.010000,503.248856
22.020000,505.980615
22.030000,504.517075
22.040000,503.612185
22.050000,502.997124
22.060000,503.380569
22.070000,503.292792
22.080000,505.753020
22.090000,504.341220
22.100000,503.767465
22.110000,504.562859
22.120000,505.315131
22.130000,506.666495
22.140000,502.231673
22.150000,502.895752
22.160000,505.585369
22.170000,505.684749
22.180000,504.885306
22.190000,503.366054
22.200000,505.204971
22.210000,502.557001
22.220000,504.670260
22.230000,505.857712
22.240000,502.733840
22.250000,504.913364
22.260000,502.747620
22.280000,505.388880
22.290000,504.165343
22.300000,504.884013
22.310000,506.382386
22.320000,502.819946
22.330000,507.326106
22.340000,503.809464
22.350000,504.069451
22.360000,504.222279
22.380000,504.968132
22.390000,508.120390
22.400000,505.648321
22.410000,503.501876
22.420000,505.199795
22.430000,504.553615
22.440000,505.272327
22.450000,505.442626
22.460000,503.519729
22.470000,505.542011
22.480000,505.668983
22.490000,502.524489
22.500000,504.425834
22.510000,505.356141
22.520000,503.987410
22.530000,502.440224
22.540000,504.157251
22.550000,504.851030
22.560000,504.149941
22.570000,505.479611
22.580000,505.203247
22.590000,506.509649
22.600000,502.830186
22.610000,505.556492
22.620000,502.330904
22.630000,503.998618
22.640000,504.746409
22.650000,503.270404
22.660000,502.283135
22.680000,503.982322
22.690000,505.766619
22.700000,505.778269
22.710000,505.762530
22.720000,503.819139
22.740000,503.530142
22.750000,503.564954
22.760000,504.651353
22.770000,503.000762
22.780000,504.508739
22.790000,505.422895
22.810000,506.290529
22.820000,504.669385
22.830000,503.863567
22.840000,503.390934
22.850000,504.468650
22.860000,505.412996
22.870000,503.083860
22.880000,503.898577
22.890000,502.256313
22.900000,505.647307
22.910000,504.529129
22.920000,505.060232
22.940000,503.507342
22.950000,503.645943
22.960000,502.189358
22.970000,504.533723
22.980000,506.501793
22.990000,504.280365
23.000000,506.498463
23.010000,503.506568
23.020000,501.931687
23.030000,505.577207
23.040000,506.789340
23.050000,504.388111
23.060000,504.563498
23.070000,502.976688
23.080000,504.159015
23.090000,503.969223
23.100000,502.938764
23.110000,502.789986
23.120000,503.075968
23.140000,505.225153
23.150000,506.319552
23.160000,503.215999
23.170000,503.179976
23.180000,504.527931
23.190000,503.206910
23.200000,504.338339
23.210000,505.611806
23.220000,503.252754
23.240000,506.348951
23.250000,503.764530
23.260000,505.145231
23.270000,503.383061
23.280000,504.236228
23.290000,503.290147
23.300000,505.301276
23.310000,507.531122
23.320000,502.407928
23.330000,505.874877
23.340000,503.503517
23.350000,501.897681
23.370000,503.614784
23.380000,506.009449
23.390000,502.492950
23.400000,502.024238
23.410000,504.410437
23.420000,504.709248
23.430000,504.592660
23.440000,506.294988
23.450000,503.758879
23.460000,503.111969
23.470000,504.355140
23.480000,504.537911
23.490000,505.468841
23.500000,503.212316
23.510000,503.522465
23.520000,503.058826
23.530000,502.863762
23.540000,503.583997
23.550000,505.790901
23.560000,505.039485
23.570000,504.095283
23.580000,505.531303
23.590000,503.986139
23.600000,504.657829
23.610000,503.891104
23.620000,505.301354
23.630000,503.281484
23.640000,504.146699
23.650000,504.873833
23.660000,504.843042
23.670000,501.915287
23.680000,503.051021
23.690000,504.944766
23.700000,504.468505
23.710000,504.544326
23.720000,504.206230
23.730000,504.770706
23.740000,503.755832
23.750000,503.248223
23.760000,504.461057
23.770000,506.258062
23.780000,506.226374
23.790000,505.616003
23.800000,504.913080
23.810000,505.249600
23.820000,501.603934
23.830000,504.360851
23.840000,504.709781
23.850000,504.541848
23.860000,505.034129
23.870000,502.969783
23.880000,506.188673
23.890000,502.549397
23.900000,503.245312
23.910000,503.172710
23.920000,503.957959
23.930000,506.111109
23.940000,503.175984
23.950000,505.131071
23.960000,504.475575
23.970000,503.038368
23.980000,505.310137
23.990000,504.932619
24.000000,504.524544
24.010000,505.275001
24.020000,501.907312
24.030000,506.687633
24.040000,502.947847
24.050000,503.412327
24.060000,502.188988
24.080000,503.715007
24.090000,503.328838
24.100000,504.222956
24.110000,503.616624
24.120000,503.810080
24.140000,505.059211
24.150000,506.125450
24.160000,501.271304
24.180000,504.386491
24.190000,505.190679
24.200000,504.309714
24.210000,505.318223
24.220000,506.085431
24.230000,505.185016
24.240000,503.118505
24.250000,504.169295
24.260000,504.730346
24.270000,504.477230
24.280000,503.613214
24.290000,505.180274
24.300000,502.800114
24.310000,505.572053
24.320000,503.499585
24.330000,503.101346
24.340000,502.702991
24.350000,503.847471
24.360000,501.640753
24.370000,502.557622
24.380000,505.821698
24.390000,504.189726
24.400000,504.055533
24.410000,503.623357
24.420000,506.937367
24.430000,502.237293
24.440000,503.528881
24.450000,502.104177
24.460000,504.376178
24.470000,506.292068
24.480000,502.525828
24.490000,502.286999
24.500000,503.848943
24.510000,503.322677
24.520000,503.856762
24.530000,505.798837
24.540000,503.071213
24.550000,504.168468
24.560000,505.219977
24.580000,503.847990
24.590000,502.032962
24.600000,502.183836
24.610000,504.026757
24.620000,502.758354
24.630000,504.686315
24.640000,504.599459
24.650000,506.424161
24.660000,501.642401
24.670000,502.184317
24.680000,504.176648
24.690000,504.880642
24.700000,502.864815
24.710000,502.758864
24.720000,501.043543
24.730000,507.086219
24.740000,504.296095
24.750000,502.785034
24.760000,506.860998
24.770000,503.696043
24.780000,503.628255
24.790000,504.521861
24.800000,503.710258
24.810000,506.534077
24.820000,504.146717
24.830000,503.219793
24.840000,503.936374
24.850000,505.159723
24.860000,500.828758
24.870000,502.432389
24.880000,503.979956
24.890000,502.997297
24.900000,506.701972
24.910000,505.103201
24.920000,503.747370
24.930000,502.412486
24.940000,501.870633
24.950000,503.099228
24.960000,504.509830
24.970000,505.864675
24.980000,507.502587
24.990000,504.676943
25.000000,502.475034
25.010000,506.675316
25.020000,502.056315
25.030000,502.998708
25.040000,506.475245
25.050000,503.796069
25.060000,503.670742
25.070000,504.212847
25.080000,504.290730
25.090000,502.939705
25.100000,503.901129
25.110000,504.777619
25.120000,505.227468
25.130000,504.041672
25.140000,504.105950
25.150000,506.053608
25.160000,504.931195
25.170000,504.701562
25.180000,501.758409
25.190000,503.956062
25.200000,500.283652
25.210000,505.589730
25.220000,506.658499
25.230000,504.257128
25.240000,505.705170
25.250000,504.863800
25.260000,503.870621
25.270000,502.365219
25.280000,505.461611
25.290000,503.322830
25.300000,506.034899
25.310000,506.893656
25.320000,506.274281
25.340000,505.071786
25.350000,502.237903
25.360000,504.320508
25.370000,503.076220
25.380000,502.822249
25.390000,504.349445
25.400000,503.574954
25.410000,503.957414
25.420000,503.389754
25.430000,507.936064
25.440000,503.232974
25.450000,504.410028
25.460000,505.678542
25.470000,504.400465
25.480000,504.613111
25.490000,503.343018
25.500000,506.262256
25.510000,503.157425
25.520000,503.457911
25.530000,502.782144
25.540000,505.855178
25.550000,506.232066
25.560000,504.463957
25.570000,502.840604
25.580000,504.328870
25.590000,506.110199
25.600000,504.877949
25.610000,502.095381
25.620000,502.738166
25.630000,504.909916
25.640000,506.759168
25.650000,505.038977
25.660000,505.317641
25.670000,504.900778
25.680000,503.945076
25.690000,506.266279
25.700000,505.348713
25.710000,504.844239
25.720000,506.094501
25.730000,505.003978
25.740000,505.786094
25.750000,503.014156
25.760000,504.402003
25.770000,501.888027
25.780000,505.001639
25.790000,503.419592
25.800000,504.079715
25.810000,504.174686
25.820000,503.231158
25.830000,504.966226
25.840000,504.073720
25.850000,503.869565
25.860000,504.054812
25.880000,504.539749
25.890000,504.105440
25.900000,506.153699
25.910000,503.606453
25.920000,505.431949
25.930000,505.252516
25.940000,506.422482
25.950000,503.745158
25.960000,506.022097
25.970000,503.726320
25.980000,506.172960
25.990000,503.064581
26.000000,503.349987
26.010000,502.720293
26.020000,505.238016
26.040000,504.437093
26.050000,504.372161
26.060000,502.109454
26.070000,505.633808
26.080000,505.300949
26.090000,505.166992
26.100000,505.258133
26.110000,502.398781
26.120000,500.109224
26.130000,504.409337
26.140000,502.923063
26.150000,504.586628
26.160000,503.579131
26.170000,503.425030
26.180000,504.304787
26.190000,504.595817
26.200000,505.597896
26.210000,501.566664
26.220000,505.075932
26.230000,502.765370
26.240000,504.208648
26.250000,504.763196
26.260000,503.974917
26.270000,502.173201
26.280000,504.121405
26.290000,502.206048
26.300000,504.484633
26.310000,504.825114
26.320000,503.324619
26.330000,502.091587
26.340000,503.757176
26.350000,504.478438
26.360000,504.662827
26.380000,504.606060
26.390000,504.610220
26.400000,505.592978
26.410000,504.567469
26.420000,502.832609
26.430000,504.235313
26.440000,503.697683
26.450000,504.107771
26.460000,503.670446
26.470000,502.150719
26.480000,505.024158
26.490000,505.096759
26.500000,506.955834
26.510000,507.336946
26.520000,504.657076
26.530000,504.978016
26.540000,503.804257
26.550000,504.069694
26.560000,504.697308
26.570000,503.456201
26.580000,503.952740
26.590000,502.988346
26.610000,501.926081
26.620000,505.065985
26.630000,504.715582
26.640000,501.943871
26.650000,503.729846
26.660000,503.435805
26.670000,502.128837
26.680000,504.669455
26.690000,505.485294
26.700000,501.991227
26.710000,504.029484
26.720000,504.005417
26.730000,504.462547
26.740000,506.741055
26.750000,502.830130
26.760000,502.493426
26.770000,504.777547
26.780000,503.927757
26.790000,504.338222
26.800000,501.420512
26.810000,504.015424
26.820000,504.127800
26.830000,505.845746
26.840000,505.386161
26.850000,503.762915
26.860000,502.819933
26.870000,502.580477
26.880000,503.409006
26.890000,504.055940
26.900000,505.276635
26.910000,503.312713
26.920000,505.889104
26.930000,503.519325
26.940000,501.956813
26.950000,505.122824
26.960000,505.051572
26.970000,503.883339
26.980000,505.406341
26.990000,504.478297
27.000000,503.271789
27.010000,503.137987
27.020000,502.613871
27.030000,505.951557
27.050000,504.107978
27.060000,503.530837
27.070000,503.416571
27.080000,503.928196
27.090000,503.106689
27.100000,503.510442
27.110000,502.870011
27.120000,503.618437
27.140000,504.464893
27.150000,504.559430
27.160000,505.739626
27.170000,505.475691
27.180000,506.395403
27.190000,505.372283
27.210000,505.817674
27.220000,502.561029
27.230000,504.181289
27.250000,504.106978
27.260000,506.934044
27.270000,500.791419
27.280000,504.778284
27.290000,504.731493
27.300000,503.112553
27.310000,503.257664
27.320000,503.942446
27.330000,503.792649
27.340000,504.954304
27.350000,504.572093
27.360000,502.716836
27.370000,504.714286
27.380000,505.314299
27.390000,503.058484
27.400000,504.333654
27.410000,503.701071
27.420000,501.174311
27.430000,502.393730
27.440000,506.082574
27.450000,505.022322
27.460000,504.329829
27.470000,504.715494
27.480000,505.027939
27.490000,502.921885
27.500000,503.825548
27.510000,504.098243
27.520000,505.763615
27.530000,503.709007
27.540000,506.471108
27.550000,504.603942
27.560000,503.195394
27.570000,503.001431
27.580000,504.957817
27.590000,504.615195
27.600000,503.424073
27.610000,503.809102
27.620000,502.470626
27.630000,503.279242
27.640000,503.182717
27.650000,503.492268
27.660000,505.187194
27.670000,505.572219
27.680000,505.160716
27.690000,504.024133
27.700000,504.301240
27.710000,504.640341
27.720000,504.083696
27.730000,502.979156
27.740000,504.160241
27.750000,504.975768
27.760000,504.049110
27.770000,504.386519
27.780000,503.253152
27.790000,505.566492
27.800000,501.571365
27.810000,504.864212
27.820000,504.670249
27.830000,505.139113
27.840000,503.844925
27.850000,503.762278
27.860000,503.320705
27.870000,502.774677
27.880000,506.002236
27.890000,504.332748
27.900000,503.115423
27.910000,502.445882
27.920000,505.188257
27.930000,504.681610
27.940000,503.716555
27.950000,503.681102
27.960000,501.216205
27.970000,503.924981
27.980000,506.314500
27.990000,503.570587
28.000000,503.940209
28.010000,502.978670
28.020000,506.708865
28.030000,502.803054
28.040000,503.355991
28.050000,505.582452
28.060000,504.726237
28.070000,502.753060
28.080000,501.156490
28.090000,504.178438
28.100000,503.648969
28.110000,504.092877
28.120000,501.821806
28.140000,504.670424
28.150000,502.974883
28.160000,505.234752
28.170000,503.694390
28.180000,504.351184
28.190000,504.883957
28.200000,503.586455
28.210000,502.935891
28.220000,505.328600
28.230000,503.187425
28.240000,502.406949
28.250000,502.697160
28.260000,503.966986
28.270000,503.002600
28.280000,504.496067
28.290000,501.760266
28.310000,503.594046
28.320000,503.079454
28.330000,503.180445
28.340000,505.014546
28.350000,502.820671
28.360000,503.253273
28.370000,502.995357
28.380000,503.213490
28.390000,501.126999
28.400000,502.131430
28.410000,503.626766
28.420000,504.400644
28.430000,504.553831
28.440000,504.791666
28.450000,506.570789
28.470000,503.196417
28.480000,501.987590
28.490000,504.059861
28.500000,501.421936
28.510000,502.880428
28.520000,502.773452
28.530000,504.280151
28.540000,504.152609
28.550000,504.050382
28.560000,502.375342
28.570000,502.608633
28.580000,503.984561
28.590000,504.812144
28.600000,504.813091
28.610000,504.025988
28.620000,503.811598
28.630000,505.923775
28.640000,503.549524
28.650000,501.632147
28.660000,502.238789
28.670000,504.616806
28.680000,503.941484
28.690000,504.353954
28.700000,505.209623
28.710000,502.998720
28.720000,504.334301
28.730000,506.501126
28.740000,506.150405
28.750000,502.051024
28.770000,502.658684
28.780000,504.250131
28.790000,502.023788
28.810000,501.905638
28.820000,505.465893
28.830000,504.175631
28.840000,504.275056
28.850000,506.164215
28.860000,504.738633
28.870000,503.480614
28.880000,504.539435
28.890000,503.562024
28.900000,504.233536
28.910000,503.246592
28.920000,503.464701
28.930000,502.128095
28.940000,504.319267
28.950000,505.593744
28.970000,503.832558
28.980000,501.584888
28.990000,505.773702
29.000000,504.032274
29.010000,503.319375
29.020000,502.731098
29.030000,503.401839
29.040000,501.928477
29.050000,505.123832
29.060000,506.592601
29.070000,503.153326
29.080000,502.995239
29.090000,502.501645
29.100000,503.984279
29.110000,504.878554
29.120000,504.495661
29.130000,503.246946
29.140000,503.243861
29.150000,505.564357
29.170000,505.106696
29.180000,505.603953
29.190000,505.225564
29.200000,505.623551
29.210000,505.456375
29.220000,501.576984
29.230000,502.919547
29.240000,504.795846
29.250000,506.095241
29.260000,503.194890
29.270000,503.448428
29.280000,506.122702
29.290000,505.122688
29.300000,506.995624
29.310000,501.109014
29.320000,504.550340
29.330000,504.359802
29.340000,503.087692
29.350000,506.186737
29.370000,505.073544
29.380000,504.968759
29.390000,502.220486
29.400000,503.567584
29.410000,501.314570
29.420000,503.731299
29.430000,507.751298
29.440000,502.480600
29.450000,503.379764
29.460000,504.190539
29.470000,505.067083
29.480000,504.052542
29.490000,504.049606
29.500000,505.238447
29.510000,504.444985
29.520000,503.940633
29.530000,505.134922
29.540000,503.347924
29.550000,506.436137
29.560000,506.737724
29.570000,504.907498
29.580000,504.760804
29.590000,503.024800
29.600000,503.788188
29.610000,503.189924
29.620000,504.229634
29.640000,505.724462
29.650000,506.784030
29.660000,504.123902
29.670000,505.867517
29.680000,503.892758
29.690000,505.488060
29.700000,504.418970
29.710000,504.510906
29.720000,504.088168
29.730000,504.246755
29.740000,503.363313
29.750000,505.171663
29.770000,504.273764
29.780000,506.127162
29.790000,504.979985
29.800000,504.554014
29.810000,504.877085
29.820000,504.719930
29.830000,505.803681
29.840000,504.034327
29.850000,504.005715
29.860000,502.296962
29.870000,503.981861
29.880000,503.593369
29.890000,503.519455
29.900000,503.291134
29.910000,503.881264
29.920000,505.387888
29.930000,505.441109
29.940000,502.912078
29.950000,505.909578
29.960000,505.989874
29.970000,501.162293
29.980000,503.284449
29.990000,502.883921
30.000000,503.651549
30.010000,506.667417
30.020000,503.300873
30.030000,504.569298
30.040000,503.624647
30.050000,506.135552
30.060000,503.764369
30.080000,504.135127
30.090000,505.416887
30.100000,506.033353
30.110000,501.654557
30.120000,504.242788
30.130000,504.355752
30.140000,502.146804
30.150000,504.336209
30.160000,503.199937
30.170000,504.764892
30.180000,506.082924
30.200000,502.606056
30.210000,501.864684
30.220000,503.492086
30.230000,503.782442
30.240000,504.606850
30.250000,503.952139
30.260000,502.463379
30.270000,501.903527
30.280000,502.806277
30.300000,506.019422
30.310000,503.301426
30.320000,504.068995
30.330000,504.913575
30.340000,503.308289
30.350000,505.518530
30.360000,502.935506
30.370000,504.319215
30.380000,503.754829
30.400000,505.172488
30.410000,506.221681
30.420000,505.236000
30.430000,503.636766
30.440000,504.346879
30.450000,503.138582
30.460000,503.675479
30.470000,502.320291
30.480000,506.662762
30.490000,503.216659
30.500000,504.635747
30.510000,503.520357
30.520000,502.795571
30.540000,502.288392
30.550000,504.716039
30.570000,504.555435
30.580000,503.747077
30.590000,503.980889
30.600000,503.409551
30.610000,503.240762
30.620000,504.974833
30.630000,502.987130
30.640000,504.197442
30.650000,504.107019
30.670000,506.060585
30.680000,503.342037
30.690000,504.062136
30.700000,505.261716
30.710000,505.247277
30.720000,504.364180
30.730000,504.576297
30.740000,507.236095
30.750000,502.368959
30.760000,503.481985
30.770000,505.322717
30.780000,503.081070
30.790000,504.501564
30.800000,505.287906
30.810000,504.315378
30.820000,502.637955
30.840000,504.578687
30.850000,503.514085
30.860000,503.289199
30.870000,504.434752
30.880000,504.609012
30.890000,501.743991
30.900000,501.576595
30.910000,504.222145
30.920000,503.549710
30.930000,502.564558
30.940000,506.247276
30.950000,504.333869
30.960000,503.367931
30.970000,504.793393
30.980000,503.223540
30.990000,503.292104
31.000000,503.405185
31.010000,503.125211
31.020000,501.877556
31.040000,505.407821
31.050000,506.183717
31.060000,504.950801
31.070000,504.861645
31.080000,503.017889
31.090000,506.428571
31.100000,502.736450
31.110000,505.885373
31.120000,505.906382
31.140000,504.483766
31.150000,504.244706
31.170000,502.635611
31.180000,505.905002
31.190000,504.521311
31.200000,503.203040
31.210000,502.988258
31.220000,503.488762
31.230000,504.450110
31.240000,504.042155
31.250000,504.267720
31.260000,502.892251
31.270000,505.671200
31.280000,504.688798
31.290000,503.277728
31.300000,502.094385
31.310000,504.357917
31.320000,503.714752
31.330000,503.198161
31.340000,507.071305
31.350000,504.427804
31.360000,504.766946
31.370000,504.675966
31.380000,503.882358
31.390000,502.758715
31.400000,503.332546
31.410000,502.949998
31.420000,505.278162
31.440000,504.832612
31.450000,503.278474
31.460000,504.603830
31.470000,503.021702
31.480000,502.243030
31.490000,500.661715
31.500000,502.301293
31.510000,503.201741
31.520000,504.563634
31.530000,506.238875
31.540000,502.324395
31.550000,507.082158
31.560000,502.675508
31.570000,504.491438
31.580000,502.189741
31.590000,505.879832
31.600000,505.433827
31.610000,503.381117
31.620000,504.577161
31.640000,506.310297
31.650000,505.766667
31.660000,502.180769
31.670000,503.032205
31.680000,502.339600
31.690000,502.907384
31.700000,504.325461
31.710000,505.575149
31.720000,503.001321
31.740000,500.495157
31.750000,505.180314
31.760000,501.765413
31.770000,503.462814
31.780000,501.950924
31.790000,504.083460
31.800000,504.805365
31.810000,503.038711
31.820000,504.149140
31.840000,503.894122
31.850000,503.939187
31.860000,504.407152
31.870000,502.563327
31.880000,502.823975
31.890000,502.748380
31.900000,503.836496
31.910000,503.262831
31.920000,500.282913
31.940000,505.242021
31.950000,502.435199
31.960000,503.425710
31.970000,502.570526
31.980000,505.332375
31.990000,503.727470
32.000000,505.932683
32.010000,502.559670
32.020000,503.232071
32.040000,502.020167
32.050000,504.815760
32.060000,504.922456
32.070000,502.024999
32.080000,503.045710
32.090000,501.394633
32.100000,504.074159
32.110000,504.084060
32.120000,503.363368
32.130000,502.060661
32.140000,506.576352
32.150000,506.381935
32.160000,504.000895
32.170000,503.624841
32.180000,505.488119
32.190000,503.168208
32.200000,503.013455
32.210000,502.125178
32.220000,503.035669
32.230000,503.228946
32.240000,504.153119
32.250000,505.774622
32.260000,500.812708
32.270000,503.686243
32.280000,506.556453
32.290000,503.731077
32.300000,505.380567
32.310000,503.134446
32.320000,503.639435
32.330000,504.509710
32.340000,503.362298
32.350000,503.226200
32.360000,501.736399
32.370000,503.923471
32.380000,503.368827
32.390000,506.388015
32.400000,505.148305
32.410000,504.607583
32.420000,502.420119
32.430000,504.539587
32.440000,503.513548
32.450000,504.849342
32.460000,503.049697
32.470000,503.362273
32.480000,500.250311
32.490000,505.017699
32.500000,503.064557
32.510000,503.668890
32.520000,504.175855
32.530000,504.598860
32.540000,505.257442
32.550000,505.058150
32.560000,503.690652
32.570000,502.523320
32.580000,504.924909
32.590000,504.061253
32.610000,506.248797
32.620000,503.511244
32.630000,502.477107
32.650000,503.762466
32.660000,503.872165
32.670000,503.868433
32.680000,503.237944
32.690000,504.796076
32.700000,504.739146
32.720000,503.842556
32.730000,503.311268
32.740000,503.106761
32.750000,504.706780
32.760000,500.056692
32.770000,502.972282
32.780000,505.757485
32.790000,501.433514
32.800000,503.523157
32.810000,503.269534
32.820000,503.958444
32.830000,503.531686
32.840000,504.909899
32.850000,500.606062
32.860000,502.587862
32.870000,504.143261
32.880000,503.538148
32.890000,504.129364
32.900000,502.249673
32.910000,504.445419
32.920000,503.549717
32.930000,503.763088
32.940000,503.668072
32.950000,502.163038
32.960000,502.234810
32.970000,505.711117
32.980000,503.604512
32.990000,504.769201
33.000000,502.542719
33.010000,501.909838
33.020000,504.655865
33.040000,503.942668
33.050000,502.639493
33.060000,501.293978
33.070000,503.839627
33.080000,505.079740
33.090000,505.189382
33.100000,503.003273
33.110000,502.941957
33.120000,506.974429
33.140000,505.286296
33.150000,505.669333
33.160000,504.919703
33.170000,506.311383
33.180000,505.990496
33.190000,505.491269
33.200000,505.907894
33.210000,504.996072
33.220000,504.025936
33.240000,506.052851
33.250000,505.865027
33.260000,501.952252
33.270000,504.718048
33.280000,502.498832
33.290000,504.284739
33.300000,505.123085
33.310000,502.710879
33.320000,502.380893
33.330000,504.823455
33.340000,504.226490
33.350000,504.926346
33.360000,503.813323
33.370000,505.294014
33.380000,504.375735
33.390000,506.488722
33.400000,504.254165
33.410000,506.551247
33.420000,505.278259
33.430000,502.965642
33.440000,503.847392
33.450000,507.014162
33.460000,503.856263
33.470000,503.808140
33.480000,502.335918
33.490000,503.403870
33.500000,506.535356
33.510000,503.975832
33.520000,502.212026
33.530000,504.552786
33.540000,504.701110
33.550000,501.690090
33.560000,504.221587
33.570000,502.981486
33.580000,503.627024
33.590000,504.858567
33.600000,506.709463
33.610000,507.252894
33.620000,502.824849
33.630000,505.141884
33.640000,502.127314
33.650000,503.867343
33.660000,505.829402
33.670000,503.860633
33.680000,506.471369
33.690000,505.126853
33.700000,504.163355
33.710000,504.152085
33.720000,502.622100
33.730000,505.814488
33.740000,503.261905
33.750000,503.410157
33.770000,502.881606
33.780000,502.676239
33.790000,504.987007
33.800000,504.406216
33.810000,504.105235
33.820000,504.847093
33.830000,505.744220
33.840000,505.163295
33.850000,504.583625
33.870000,501.429137
33.880000,503.745773
33.890000,505.534454
33.900000,503.797586
33.910000,502.863957
33.920000,503.047042
33.930000,504.881534
33.940000,502.792865
33.950000,502.846418
33.970000,503.778349
33.980000,503.121432
33.990000,504.861332
34.000000,504.310127
34.010000,501.144339
34.020000,504.095031
34.030000,503.307975
34.040000,503.222866
34.050000,502.371795
34.070000,503.368834
34.080000,503.715716
34.090000,505.448536
34.100000,501.755229
34.110000,504.623542
34.120000,503.535531
34.130000,502.339004
34.140000,501.787668
34.150000,506.652451
34.160000,500.998398
34.170000,502.473194
34.180000,504.367375
34.190000,504.759622
34.200000,504.862072
34.210000,503.606863
34.220000,501.360222
34.230000,504.801495
34.240000,502.051842
34.250000,504.777664
34.260000,504.837592
34.270000,503.537257
34.280000,505.464202
34.290000,504.590758
34.300000,503.619425
34.310000,502.211689
34.320000,503.713951
34.330000,504.545298
34.340000,504.707478
34.350000,501.684035
34.360000,501.888361
34.380000,505.098993
34.390000,503.831627
34.400000,506.600727
34.410000,502.609506
34.420000,503.736326
34.430000,504.388070
34.440000,506.591564
34.450000,504.423131
34.460000,503.049393
34.470000,503.071355
34.480000,502.288695
34.490000,505.048705
34.500000,502.782955
34.510000,503.180405
34.520000,502.562904
34.530000,504.780479
34.540000,503.560693
34.550000,504.041029
34.560000,503.501629
34.570000,502.352571
34.580000,502.905268
34.590000,501.608223
34.610000,503.320413
34.620000,502.860172
34.630000,504.345453
34.640000,501.996345
34.650000,503.068267
34.670000,502.092930
34.680000,506.045726
34.690000,503.538075
34.700000,505.025807
34.710000,504.198676
34.720000,505.522806
34.730000,501.688208
34.740000,503.571448
34.750000,506.480170
34.760000,504.269874
34.770000,503.901700
34.780000,503.787470
34.790000,507.472054
34.800000,502.969763
34.810000,500.266381
34.820000,504.706402
34.840000,503.683328
34.850000,503.514593
34.860000,504.175914
34.870000,501.711787
34.880000,503.247138
34.890000,502.511052
34.900000,502.307054
34.910000,502.954762
34.920000,501.084077
34.930000,504.889346
34.940000,501.385929
34.950000,504.247099
34.960000,502.523761
34.970000,502.381713
34.980000,502.971848
34.990000,506.500377
35.000000,503.858053
35.010000,501.766543
35.020000,502.752324
35.030000,503.184077
35.040000,503.897836
35.050000,505.316993
35.070000,503.522227
35.080000,503.209464
35.090000,502.729627
35.100000,501.978071
35.110000,503.682230
35.120000,502.755571
35.130000,503.183215
35.140000,504.380854
35.150000,503.738004
35.160000,506.373669
35.170000,501.589604
35.180000,502.295375
35.190000,504.027020
35.200000,503.846555
35.210000,503.663479
35.220000,504.299381
35.230000,503.001815
35.240000,502.838638
35.250000,502.581387
35.260000,506.877160
35.270000,502.403956
35.280000,503.183554
35.290000,503.118127
35.300000,501.542938
35.310000,503.571114
35.320000,502.032107
35.330000,506.463030
35.340000,502.453849
35.350000,504.438178
35.360000,502.902210
35.370000,505.176674
35.380000,504.962219
35.390000,503.485754
35.400000,501.220682
35.410000,503.268892
35.420000,503.139637
35.430000,501.753639
35.440000,505.668344
35.450000,500.766232
35.460000,502.475887
35.470000,502.599544
35.480000,501.245122
35.490000,503.218066
35.500000,501.576244
35.510000,501.491947
35.520000,504.198620
35.530000,504.987481
35.540000,505.728860
35.550000,504.224679
35.560000,504.937281
35.570000,502.888678
35.580000,502.576103
35.590000,503.062759
35.600000,503.994068
35.610000,504.921625
35.620000,502.791803
35.630000,504.557360
35.640000,503.903846
35.650000,504.884384
35.670000,502.478162
35.680000,502.933334
35.690000,506.084435
35.700000,503.647734
35.710000,502.607113
35.720000,504.805114
35.730000,504.062976
35.740000,504.099418
35.750000,502.795518
35.760000,502.255532
35.770000,506.157568
35.780000,501.289275
35.790000,503.653461
35.800000,499.838620
35.810000,505.249398
35.820000,506.974298
35.840000,502.444156
35.850000,502.545366
35.860000,504.951358
35.870000,502.909464
35.880000,502.920169
35.890000,504.181759
35.900000,506.064344
35.910000,504.067422
35.920000,503.691997
35.930000,502.204250
35.940000,504.968088
35.950000,504.261947
35.960000,504.161800
35.970000,503.663559
35.980000,502.772719
35.990000,503.361924
36.000000,504.323257
36.010000,504.003967
36.020000,504.311684
36.030000,504.683841
36.040000,501.315838
36.050000,500.657504
36.060000,502.981984
36.070000,504.224205
36.080000,500.784467
36.090000,504.563661
36.100000,504.531332
36.110000,500.873903
36.120000,503.882123
36.130000,503.738674
36.140000,507.023708
36.150000,504.209389
36.170000,502.008620
36.180000,504.747498
36.190000,502.707698
36.200000,504.387279
36.210000,504.431627
36.220000,504.479631
36.230000,505.852692
36.240000,502.407380
36.250000,505.227071
36.260000,506.113862
36.270000,503.253219
36.280000,504.087521
36.290000,504.452771
36.300000,504.484676
36.310000,503.071495
36.320000,503.303542
36.330000,502.262981
36.340000,503.361397
36.350000,505.581155
36.370000,504.009348
36.380000,505.180274
36.390000,504.750101
36.400000,502.491072
36.410000,502.957978
36.420000,503.988482
36.450000,504.594517
36.460000,503.775513
36.470000,503.572533
36.480000,503.976886
36.490000,504.699062
36.500000,504.735209
36.510000,502.540790
36.520000,502.764312
36.540000,504.092503
36.550000,504.249453
36.560000,502.121217
36.570000,503.588154
36.580000,504.210720
36.590000,503.671752
36.600000,504.202710
36.610000,502.091975
36.620000,502.280412
36.630000,504.566428
36.640000,506.718403
36.650000,505.472994
36.660000,503.504480
36.680000,502.021923
36.690000,507.351157
36.700000,505.709707
36.710000,502.452088
36.720000,503.315624
36.730000,504.325343
36.740000,502.903250
36.750000,503.876675
36.760000,502.128947
36.780000,504.602308
36.790000,506.960627
36.800000,503.079760
36.810000,502.212653
36.820000,502.484267
36.830000,503.708414
36.840000,504.263653
36.850000,503.432030
36.860000,505.937381
36.870000,503.274367
36.880000,503.797906
36.890000,503.163687
36.900000,502.868713
36.910000,502.820033
36.920000,503.745964
36.930000,505.018245
36.940000,504.215932
36.950000,502.545155
36.960000,505.472680
36.970000,502.760081
36.980000,504.848044
36.990000,501.532742
37.000000,505.666115
37.010000,504.058882
37.020000,501.558726
37.030000,500.683948
37.040000,505.266588
37.050000,504.164743
37.060000,502.320892
37.070000,501.912311
37.080000,504.152078
37.090000,502.752000
37.100000,504.225091
37.110000,505.657513
37.120000,505.104645
37.130000,502.588224
37.140000,505.144643
37.150000,504.325614
37.160000,504.880031
37.170000,503.480011
37.180000,504.012749
37.190000,504.631835
37.200000,504.870274
37.210000,502.604851
37.220000,503.951724
37.230000,503.202712
37.240000,504.668373
37.250000,502.688604
37.260000,502.667444
37.270000,505.482863
37.280000,503.404040
37.290000,504.844249
37.300000,504.607953
37.310000,504.061487
37.320000,502.900314
37.330000,504.501442
37.340000,504.039697
37.350000,506.897367
37.360000,504.631413
37.370000,505.712739
37.380000,505.252469
37.390000,505.355364
37.400000,502.349695
37.410000,502.608989
37.420000,504.361815
37.430000,504.366255
37.440000,502.452234
37.450000,504.123958
37.460000,504.148400
37.470000,502.404129
37.480000,502.256089
37.490000,500.521107
37.500000,504.460487
37.510000,504.077148
37.520000,503.528972
37.530000,504.403877
37.540000,504.165406
37.550000,503.382627
37.560000,503.535688
37.570000,504.243107
37.580000,504.759174
37.590000,504.843991
37.600000,503.683143
37.610000,504.615013
37.620000,503.296371
37.630000,502.930260
37.640000,504.436377
37.650000,505.610101
37.660000,503.631608
37.670000,504.757754
37.680000,504.571388
37.690000,501.980083
37.700000,505.857983
37.710000,503.539362
37.720000,505.539458
37.730000,504.130326
37.740000,504.588541
37.750000,504.387521
37.760000,505.988555
37.770000,502.082161
37.780000,502.407023
37.790000,505.781392
37.800000,504.113983
37.810000,501.200026
37.820000,503.795107
37.830000,501.347358
37.840000,504.731316
37.850000,503.055403
37.860000,504.176735
37.870000,504.983083
37.880000,506.337112
37.890000,504.583764
37.900000,505.590908
37.910000,505.032390
37.920000,503.757073
37.930000,503.956868
37.940000,505.841630
37.950000,504.679781
37.960000,504.550747
37.970000,503.111500
37.980000,504.194534
37.990000,505.756353
38.000000,504.346809
38.010000,503.842586
38.020000,502.460742
38.030000,502.600378
38.050000,504.602193
38.060000,504.423681
38.070000,504.212981
38.080000,504.124751
38.090000,504.163576
38.100000,503.531364
38.120000,501.794089
38.130000,503.811484
38.150000,503.808170
38.160000,503.802252
38.170000,502.782542
38.180000,503.771850
38.190000,504.046801
38.200000,503.315539
38.210000,503.985851
38.220000,506.676548
38.230000,504.526521
38.240000,503.634697
38.250000,502.794570
38.260000,503.354623
38.270000,502.449751
38.280000,503.899553
38.290000,502.366880
38.300000,502.846328
38.310000,499.916997
38.320000,501.438076
38.330000,504.253377
38.340000,505.392794
38.350000,503.736118
38.360000,504.051819
38.370000,502.862334
38.380000,505.738464
38.390000,503.905752
38.400000,502.893154
38.410000,503.071164
38.420000,502.986091
38.430000,502.527957
38.450000,503.106110
38.460000,503.767768
38.470000,500.924969
38.480000,502.215505
38.490000,504.404643
38.500000,502.678337
38.510000,506.069731
38.520000,500.413198
38.530000,504.110674
38.540000,505.269312
38.550000,500.124385
38.560000,502.806791
38.570000,504.514584
38.580000,505.456631
38.590000,503.624938
38.600000,503.249127
38.610000,504.184087
38.620000,501.801460
38.630000,503.076624
38.640000,502.161866
38.650000,503.955592
38.660000,502.865940
38.670000,503.607562
38.680000,504.090295
38.690000,505.214550
38.700000,504.490651
38.710000,503.899086
38.720000,507.656616
38.730000,505.157261
38.740000,503.669540
38.750000,503.617027
38.760000,504.478269
38.770000,503.961377
38.780000,502.189344
38.790000,505.665673
38.800000,502.337321
38.810000,504.050738
38.820000,502.323414
38.830000,503.262168
38.840000,502.249802
38.850000,506.858425
38.860000,504.694869
38.870000,502.629804
38.880000,505.086618
38.890000,503.067363
38.900000,502.197241
38.920000,506.389067
38.930000,502.814950
38.940000,503.356406
38.950000,503.835983
38.960000,503.884598
38.970000,503.201337
38.980000,501.822443
38.990000,504.532890
39.000000,505.141876
39.010000,504.876133
39.020000,502.581710
39.030000,502.887654
39.040000,504.222973
39.050000,502.352806
39.060000,501.990532
39.070000,505.144926
39.080000,503.602525
39.090000,504.537727
39.100000,505.049016
39.110000,502.685940
39.120000,505.728350
39.130000,501.772675
39.140000,501.333119
39.150000,504.155112
39.160000,505.083860
39.170000,502.296486
39.180000,504.034712
39.190000,501.309837
39.200000,503.060604
39.210000,503.474592
39.220000,503.423714
39.230000,502.125180
39.240000,501.787548
39.250000,504.712475
39.260000,503.639997
39.270000,503.753020
39.280000,503.841530
39.290000,504.936899
39.300000,503.623946
39.310000,503.993372
39.320000,502.887950
39.330000,502.502055
39.340000,503.003162
39.350000,504.953422
39.360000,504.068335
39.370000,504.260148
39.380000,503.405635
39.390000,504.323033
39.400000,504.480460
39.410000,503.064213
39.420000,504.145892
39.430000,505.737529
39.440000,504.828607
39.450000,502.183476
39.460000,502.669705
39.470000,503.342999
39.480000,503.303521
39.490000,501.279629
39.500000,506.403090
39.510000,502.124201
39.520000,507.570069
39.530000,502.659592
39.540000,504.544784
39.550000,502.590115
39.560000,503.457706
39.570000,501.320937
39.580000,504.696281
39.590000,504.701456
39.600000,504.420738
39.610000,503.382488
39.620000,505.111614
39.630000,505.387352
39.640000,504.208592
39.650000,505.779553
39.660000,503.475742
39.670000,504.692555
39.680000,501.840678
39.690000,504.416223
39.700000,501.870192
39.720000,503.577581
39.730000,504.471682
39.740000,502.060378
39.750000,505.068027
39.760000,504.005886
39.770000,502.451534
39.780000,501.762440
39.790000,501.545852
39.800000,504.146583
39.810000,503.875521
39.820000,503.812473
39.830000,500.454267
39.840000,501.186648
39.850000,505.028150
39.860000,501.869581
39.870000,505.115412
39.880000,506.128348
39.890000,501.809278
39.900000,507.660873
39.910000,503.462016
39.920000,503.019179
39.930000,503.594292
39.940000,502.246999
39.950000,502.789781
39.960000,502.072272
39.970000,504.321686
39.980000,501.049658
39.990000,502.262772
40.000000,503.341679
40.010000,502.807820
40.020000,504.227532
40.030000,502.976479
40.040000,502.723923
40.050000,502.628609
40.060000,502.514789
40.070000,502.291636
40.090000,502.881159
40.100000,505.069850
40.110000,504.417568
40.120000,504.299559
40.130000,505.515301
40.140000,503.003134
40.160000,503.455021
40.170000,504.164817
40.180000,503.983284
40.200000,502.676399
40.210000,503.416527
40.220000,500.727018
40.230000,503.762985
40.240000,503.926795
40.250000,503.199642
40.260000,502.547662
40.270000,505.288452
40.280000,505.117483
40.290000,506.090945
40.300000,505.092686
40.310000,503.569067
40.320000,501.689105
40.330000,503.772905
40.340000,504.930114
40.350000,505.286562
40.360000,503.974279
40.370000,503.398682
40.380000,502.423654
40.390000,502.991642
40.400000,502.598134
40.410000,506.100429
40.420000,502.162271
40.430000,503.172200
40.440000,503.613150
40.450000,504.669846
40.460000,503.748341
40.470000,503.475815
40.490000,502.657879
40.500000,503.376488
40.510000,502.243735
40.520000,503.449256
40.530000,501.143815
40.540000,504.475983
40.550000,504.561791
40.560000,502.618217
40.570000,503.027291
40.580000,502.532714
40.590000,503.976357
40.600000,502.005324
40.610000,501.989961
40.630000,501.982023
40.640000,504.789842
40.650000,505.551888
40.660000,502.023844
40.670000,503.539910
40.690000,503.500143
40.700000,503.249303
40.710000,503.071730
40.720000,504.524854
40.730000,503.108007
40.740000,504.090615
40.750000,502.699879
40.760000,504.148566
40.770000,503.973337
40.780000,503.439829
40.790000,505.093465
40.800000,504.218337
40.810000,502.915250
40.820000,502.134200
40.830000,501.322554
40.840000,502.917269
40.850000,503.765170
40.860000,505.338561
40.870000,504.995953
40.890000,501.653154
40.900000,504.683357
40.910000,503.244443
40.920000,502.708187
40.930000,503.003396
40.940000,503.837362
40.950000,503.868241
40.960000,503.356506
40.970000,502.799713
40.990000,504.616491
41.000000,504.179157
41.010000,504.014831
41.030000,501.166701
41.040000,504.568180
41.050000,502.986230
41.060000,503.742184
41.070000,505.492495
41.080000,502.592059
41.090000,501.379059
41.100000,505.506179
41.110000,504.639741
41.120000,505.038085
41.130000,504.661971
41.140000,506.715592
41.150000,503.597173
41.160000,505.855000
41.170000,505.754992
41.190000,505.014360
41.200000,504.668400
41.210000,501.466190
41.230000,502.915351
41.240000,503.428361
41.250000,506.196148
41.260000,503.079830
41.270000,504.760335
41.280000,504.591007
41.290000,503.944774
41.300000,503.032542
41.310000,504.016070
41.320000,504.623795
41.330000,501.369387
41.340000,504.293080
41.350000,505.456802
41.360000,501.743215
41.370000,507.124876
41.380000,504.642563
41.390000,505.155871
41.400000,504.042288
41.410000,504.143636
41.420000,503.234947
41.430000,503.544220
41.440000,504.875061
41.450000,504.932250
41.460000,503.959054
41.470000,504.517338
41.480000,504.072327
41.490000,505.328781
41.500000,503.911775
41.510000,503.751485
41.520000,504.696552
41.530000,503.682824
41.540000,503.659645
41.550000,502.933676
41.560000,504.961905
41.570000,503.348654
41.580000,505.543728
41.600000,504.031042
41.610000,506.388788
41.630000,503.071941
41.640000,506.165155
41.650000,503.876969
41.660000,503.704954
41.670000,504.374563
41.680000,503.467789
41.690000,504.161424
41.700000,503.835646
41.710000,504.522583
41.730000,504.003862
41.740000,503.596842
41.750000,503.756862
41.760000,503.832159
41.770000,502.859355
41.780000,505.072338
41.790000,503.146638
41.800000,504.116920
41.810000,502.546209
41.820000,504.417821
41.830000,502.964704
41.840000,504.126673
41.850000,503.166423
41.860000,505.092813
41.870000,503.044304
41.880000,504.716250
41.890000,503.755590
41.900000,503.029012
41.910000,502.822356
41.920000,503.408544
41.940000,505.265563
41.950000,504.166969
41.960000,504.854431
41.970000,504.085564
41.980000,501.811087
41.990000,504.469544
42.000000,503.173570
42.010000,504.070928
42.020000,501.312510
42.030000,502.160767
42.040000,505.397959
42.050000,506.475608
42.060000,505.642192
42.070000,504.041449
42.080000,502.731162
42.090000,505.826658
42.100000,502.974359
42.110000,503.122331
42.120000,503.589762
42.130000,501.901004
42.140000,503.146984
42.150000,503.157790
42.160000,501.726103
42.170000,502.870171
42.180000,502.530904
42.190000,503.534017
42.200000,504.226333
42.210000,502.080785
42.220000,503.970463
42.230000,502.186571
42.240000,502.522508
42.250000,505.017414
42.260000,503.888844
42.270000,504.824326
42.280000,502.973234
42.290000,502.774561
42.300000,502.402995
42.310000,503.878185
42.320000,504.265119
42.330000,503.238922
42.340000,507.064920
42.350000,501.366874
42.360000,504.351358
42.370000,505.616859
42.380000,503.694357
42.390000,505.723560
42.400000,504.031108
42.410000,501.551161
42.420000,502.968974
42.430000,501.418166
42.440000,501.109926
42.450000,503.467285
42.460000,504.243266
42.470000,504.721753
42.480000,502.706478
42.490000,502.042451
42.500000,501.599124
42.510000,500.732965
42.520000,501.310159
42.530000,503.797130
42.540000,501.429940
42.550000,500.605418
42.560000,504.815968
42.580000,502.996793
42.590000,505.702501
42.600000,504.873264
42.610000,502.409690
42.620000,503.727056
42.630000,502.661281
42.640000,503.552061
42.650000,502.844196
42.660000,504.430226
42.670000,501.581426
42.680000,504.889128
42.690000,503.169658
42.700000,503.354499
42.710000,502.824882
42.720000,502.202232
42.730000,503.541006
42.740000,502.632500
42.750000,503.386823
42.760000,505.476945
42.770000,502.800672
42.780000,501.577555
42.790000,503.910298
42.800000,503.439426
42.810000,503.946167
42.820000,504.303236
42.830000,500.362127
42.840000,502.935250
42.850000,502.803536
42.860000,504.206861
42.870000,504.506592
42.880000,503.611320
42.890000,503.558899
42.900000,503.474892
42.910000,503.851989
42.920000,501.287492
42.930000,503.493054
42.940000,502.327480
42.950000,504.357428
42.960000,503.730713
42.970000,502.422703
42.980000,502.366067
42.990000,503.483347
43.000000,504.268639
43.010000,502.903589
43.020000,501.996957
43.040000,502.116617
43.050000,506.302281
43.060000,504.261997
43.080000,502.737608
43.090000,503.774427
43.100000,504.508956
43.110000,504.116335
43.120000,503.039753
43.130000,501.449898
43.140000,501.173149
43.150000,502.682081
43.160000,501.974924
43.170000,503.595832
43.180000,503.268802
43.190000,504.999401
43.200000,503.614721
43.210000,502.391124
43.220000,502.851946
43.230000,504.861807
43.240000,506.164816
43.250000,500.164144
43.270000,502.680626
43.280000,503.199905
43.290000,503.928199
43.300000,500.959882
43.310000,502.689586
43.320000,504.204456
43.330000,504.409537
43.340000,504.666966
43.350000,505.950550
43.370000,504.604664
43.380000,501.916884
43.390000,502.639988
43.400000,503.233697
43.410000,503.850514
43.420000,502.668668
43.430000,503.466951
43.440000,502.782815
43.450000,502.993771
43.460000,502.740784
43.470000,501.667839
43.480000,502.499011
43.490000,502.916656
43.500000,501.830897
43.510000,507.161930
43.520000,503.146943
43.530000,503.073357
43.540000,502.937256
43.550000,504.348703
43.560000,501.557384
43.580000,501.779441
43.590000,502.492792
43.600000,501.583800
43.610000,504.593343
43.620000,504.055223
43.640000,501.921828
43.650000,502.462605
43.660000,502.615348
43.670000,503.016370
43.680000,502.636874
43.690000,501.578305
43.700000,504.923158
43.710000,502.256947
43.720000,503.745946
43.740000,502.196537
43.750000,503.881828
43.760000,503.089839
43.770000,502.777065
43.780000,502.038895
43.790000,502.713822
43.800000,503.837113
43.810000,502.757708
43.820000,503.775495
43.830000,503.584923
43.840000,503.567723
43.850000,504.805106
43.860000,504.291891
43.870000,503.061222
43.880000,503.622552
43.890000,506.683576
43.900000,503.399629
43.910000,502.686457
43.920000,503.443253
43.930000,503.247252
43.940000,503.348174
43.950000,504.574887
43.960000,504.659934
43.970000,503.114620
43.980000,503.719201
43.990000,501.504482
44.000000,501.905490
44.010000,504.025953
44.020000,503.968482
44.030000,504.163879
44.040000,502.902269
44.050000,501.049515
44.060000,503.135323
44.080000,501.139971
44.090000,500.665382
44.100000,503.457429
44.110000,499.367148
44.120000,502.293612
44.130000,502.984786
44.140000,500.925513
44.150000,503.311366
44.160000,502.963071
44.170000,503.257880
44.180000,502.253952
44.190000,501.677101
44.200000,502.650303
44.210000,503.169464
44.220000,503.271942
44.230000,503.130439
44.240000,503.353166
44.250000,500.442214
44.260000,503.249143
44.270000,501.210877
44.280000,502.409270
44.290000,503.659077
44.300000,504.176968
44.310000,501.157860
44.320000,501.679635
44.340000,504.061633
44.350000,503.454855
44.360000,503.509307
44.370000,503.073472
44.380000,502.467040
44.390000,504.339312
44.400000,500.762950
44.410000,502.905664
44.420000,507.133474
44.430000,500.809966
44.440000,503.922057
44.450000,504.610770
44.460000,502.061349
44.470000,504.529710
44.480000,502.799365
44.490000,504.219132
44.500000,504.188626
44.510000,503.143041
44.520000,502.022220
44.530000,502.669957
44.540000,505.341890
44.550000,502.582819
44.560000,503.712600
44.570000,503.063542
44.580000,501.762391
44.590000,504.676170
44.600000,503.436648
44.610000,502.099561
44.620000,502.383717
44.640000,502.136113
44.650000,501.968411
44.660000,501.198238
44.670000,505.189469
44.680000,505.078851
44.690000,502.086861
44.700000,501.754683
44.710000,504.448739
44.720000,505.745902
44.730000,503.908370
44.740000,502.495126
44.750000,503.866471
44.760000,504.513598
44.770000,500.782615
44.780000,502.750802
44.790000,502.407906
44.800000,503.133125
44.810000,502.377593
44.820000,502.838583
44.830000,503.860714
44.840000,500.315313
44.850000,501.640187
44.860000,503.640804
44.870000,502.936883
44.880000,503.480540
44.890000,503.171951
44.900000,501.921022
44.910000,503.341598
44.920000,504.872501
44.930000,502.971064
44.940000,502.741558
44.950000,505.333697
44.960000,505.634683
44.970000,502.941331
44.980000,502.394784
44.990000,504.562651
45.000000,504.600002
45.010000,506.201324
45.020000,505.266367
45.030000,503.644159
45.040000,502.557512
45.050000,503.129268
45.060000,502.162493
45.080000,502.892127
45.090000,502.915233
45.100000,502.870044
45.110000,502.270675
45.120000,504.199014
45.130000,504.412121
45.140000,503.132453
45.150000,502.923107
45.160000,504.142255
45.170000,504.363875
45.180000,502.815806
45.190000,504.045119
45.200000,502.069875
45.210000,504.607784
45.220000,502.542239
45.230000,502.581605
45.240000,502.022008
45.250000,504.754822
45.260000,502.723084
45.270000,502.484883
45.280000,502.881685
45.290000,504.963877
45.300000,504.111790
45.310000,503.607767
45.320000,501.723552
45.330000,503.276796
45.340000,504.451735
45.350000,503.517202
45.360000,501.308736
45.370000,501.867518
45.380000,503.694210
45.390000,505.750441
45.400000,501.878094
45.410000,505.500286
45.420000,505.725002
45.430000,502.766453
45.440000,504.161827
45.450000,502.582042
45.480000,502.788380
45.490000,505.795913
45.510000,503.359045
45.520000,503.095682
45.530000,505.209484
45.540000,505.405743
45.550000,505.764387
45.560000,503.876862
45.580000,502.836754
45.590000,504.629412
45.600000,504.223346
45.610000,504.343451
45.620000,503.405017
45.630000,504.940500
45.640000,502.654616
45.650000,501.833154
45.660000,504.174940
45.670000,507.048192
45.680000,501.024166
45.690000,504.299877
45.700000,505.085848
45.710000,504.304915
45.720000,503.459166
45.730000,503.353593
45.740000,503.961858
45.750000,505.506529
45.760000,503.330371
45.780000,503.812506
45.790000,503.954213
45.800000,504.949613
45.810000,502.437500
45.820000,503.327544
45.830000,503.731906
45.840000,502.678604
45.850000,504.019019
45.860000,505.067621
45.870000,503.876511
45.880000,503.503295
45.890000,500.239057
45.900000,502.668416
45.910000,504.579318
45.920000,504.657811
45.930000,504.559078
45.940000,502.422461
45.950000,505.298106
45.960000,501.616586
45.970000,505.841179
45.980000,503.586895
45.990000,502.737819
46.000000,504.317535
46.010000,502.863393
46.020000,501.604326
46.030000,503.560226
46.040000,503.021096
46.050000,503.388731
46.070000,502.805924
46.080000,503.068427
46.090000,503.541791
46.100000,503.740922
46.110000,505.813314
46.120000,502.978280
46.130000,503.952154
46.140000,503.651640
46.150000,501.818665
46.160000,502.535804
46.170000,505.051938
46.180000,503.602810
46.190000,502.431748
46.210000,501.451354
46.220000,503.004727
46.230000,502.741391
46.240000,503.377703
46.250000,503.173151
46.260000,504.028089
46.270000,504.356532
46.280000,503.498332
46.290000,502.549189
46.300000,502.745879
46.310000,504.277765
46.320000,500.788051
46.330000,501.504297
46.340000,505.281056
46.350000,505.278817
46.360000,502.208902
46.370000,505.383870
46.380000,502.645566
46.390000,503.412544
46.400000,504.306480
46.410000,504.112148
46.420000,502.129034
46.430000,504.278885
46.440000,505.250217
46.450000,502.530035
46.460000,503.501484
46.470000,500.653558
46.480000,502.505985
46.490000,504.137514
46.500000,504.897500
46.510000,503.981082
46.520000,500.495601
46.530000,502.513734
46.540000,503.253248
46.550000,502.236483
46.560000,502.909985
46.570000,504.756358
46.580000,501.204884
46.590000,502.295834
46.600000,503.942354
46.610000,504.719981
46.620000,504.282433
46.630000,501.244414
46.640000,501.983659
46.650000,502.954104
46.670000,503.775500
46.680000,503.650093
46.690000,501.904757
46.700000,504.231849
46.710000,501.119152
46.720000,502.162430
46.730000,502.132757
46.740000,503.475178
46.750000,504.641613
46.760000,503.676160
46.770000,501.749315
46.780000,503.738983
46.790000,501.826135
46.800000,503.383038
46.810000,502.382933
46.820000,503.904508
46.830000,505.699265
46.840000,502.851652
46.850000,501.270361
46.860000,502.351081
46.870000,503.831393
46.880000,501.653637
46.890000,502.508040
46.900000,504.093720
46.910000,502.917461
46.920000,503.954920
46.930000,505.189011
46.940000,501.290921
46.950000,502.363916
46.960000,502.455890
46.970000,504.271026
46.980000,502.633583
46.990000,504.103274
47.000000,504.863175
47.010000,504.058286
47.020000,502.502998
47.030000,502.531856
47.040000,501.518180
47.050000,500.132451
47.060000,503.013717
47.070000,502.777640
47.080000,503.783355
47.090000,503.953368
47.100000,504.024012
47.110000,503.075991
47.120000,503.637647
47.130000,502.678112
47.140000,504.088747
47.150000,503.975596
47.160000,504.991488
47.170000,502.117158
47.180000,502.212089
47.190000,502.852967
47.200000,503.551689
47.210000,502.722623
47.220000,502.930266
47.230000,504.952514
47.240000,502.342124
47.250000,505.095779
47.260000,502.585067
47.270000,502.890110
47.280000,501.211870
47.290000,503.967688
47.300000,503.390064
47.310000,503.098232
47.320000,501.750663
47.330000,501.599591
47.340000,502.690169
47.350000,502.567535
47.360000,503.325176
47.370000,502.839402
47.380000,503.503207
47.390000,505.553325
47.400000,501.831227
47.410000,503.337073
47.420000,501.237454
47.430000,504.053159
47.440000,503.257478
47.450000,504.252492
47.470000,504.034541
47.480000,505.851273
47.490000,506.015472
47.500000,500.834889
47.510000,502.760249
47.520000,503.088602
47.530000,503.397978
47.540000,503.986039
47.550000,504.421452
47.570000,504.980451
47.580000,503.191167
47.590000,504.184045
47.600000,504.329396
47.610000,503.028563
47.620000,506.039705
47.630000,501.398590
47.640000,504.596798
47.650000,502.233659
47.660000,501.538312
47.670000,503.965070
47.680000,503.478930
47.690000,501.508937
47.700000,504.821750
47.710000,501.326183
47.720000,503.550999
47.730000,501.799612
47.740000,501.895911
47.750000,503.201083
47.760000,502.772322
47.770000,502.908238
47.780000,502.424352
47.790000,504.285488
47.800000,504.652899
47.810000,501.989903
47.820000,502.766212
47.830000,503.187250
47.840000,505.237979
47.850000,503.134683
47.860000,503.132369
47.870000,502.660110
47.880000,505.294922
47.890000,500.683056
47.900000,504.863562
47.910000,502.444097
47.920000,503.639563
47.940000,501.755817
47.950000,504.019749
47.960000,500.692075
47.970000,503.532575
47.980000,506.708065
47.990000,503.174606
48.000000,503.096132
48.010000,503.781105
48.020000,503.865897
48.030000,502.029024
48.040000,501.714267
48.050000,503.810494
48.060000,503.494480
48.070000,504.467203
48.080000,505.341673
48.090000,503.231160
48.100000,502.680308
48.110000,504.536695
48.120000,501.519369
48.130000,503.617591
48.140000,504.459100
48.150000,503.149738
48.170000,505.310702
48.180000,503.801036
48.190000,502.161711
48.200000,504.656873
48.210000,505.179453
48.220000,504.442688
48.230000,501.670524
48.240000,502.285894
48.250000,501.051975
48.260000,504.050819
48.270000,503.040099
48.280000,506.677969
48.290000,500.346231
48.300000,503.274018
48.310000,504.509568
48.320000,500.234103
48.330000,503.441001
48.340000,501.662919
48.350000,502.595959
48.360000,505.630899
48.370000,503.751592
48.380000,502.935118
48.390000,502.178675
48.400000,502.213456
48.410000,503.747503
48.420000,504.431229
48.430000,504.894944
48.440000,505.810424
48.450000,502.597134
48.460000,502.162834
48.470000,503.780648
48.480000,500.558752
48.490000,502.768001
48.500000,504.057608
48.510000,503.718021
48.520000,501.934232
48.530000,504.267151
48.540000,503.382842
48.550000,504.356466
48.570000,501.918482
48.580000,503.640898
48.590000,500.280224
48.600000,501.948498
48.610000,502.337894
48.620000,504.299114
48.630000,503.323814
48.640000,502.764442
48.650000,502.957663
48.660000,504.057569
48.670000,503.743807
48.680000,503.309983
48.690000,500.568822
48.700000,503.291600
48.710000,503.083988
48.720000,505.275544
48.730000,502.975685
48.740000,501.883228
48.750000,504.481901
48.760000,503.471339
48.770000,501.093984
48.780000,503.354349
48.790000,501.696609
48.800000,502.664400
48.810000,501.161670
48.820000,504.238762
48.840000,502.090196
48.850000,503.519691
48.860000,504.524208
48.870000,505.930794
48.880000,503.416625
48.890000,501.591635
48.900000,501.690198
48.910000,504.047547
48.920000,500.642485
48.930000,504.346219
48.940000,504.412778
48.950000,504.225017
48.960000,504.184612
48.970000,503.176189
48.980000,502.133118
48.990000,502.059848
49.000000,504.750873
49.010000,501.607778
49.020000,504.954147
49.030000,503.211115
49.040000,503.117019
49.050000,505.020772
49.060000,502.971956
49.070000,501.662317
49.080000,501.979836
49.090000,504.123268
49.100000,502.659436
49.110000,505.355547
49.120000,504.470285
49.140000,501.743223
49.150000,502.687760
49.170000,506.503605
49.180000,503.802844
49.190000,503.785049
49.200000,505.525429
49.210000,503.750206
49.220000,505.944194
49.230000,503.333574
49.240000,501.598189
49.250000,501.211841
49.270000,505.887918
49.280000,504.072604
49.290000,504.367513
49.300000,504.496368
49.310000,503.918413
49.320000,502.626307
49.330000,502.215368
49.340000,506.102279
49.350000,502.060489
49.360000,503.500794
49.370000,504.180667
49.380000,507.274140
49.390000,502.354447
49.400000,503.671532
49.410000,504.267794
49.420000,504.111357
49.430000,504.799626
49.440000,506.388416
49.450000,504.195355
49.470000,503.248238
49.480000,502.802574
49.490000,502.470880
49.500000,504.553440
49.510000,504.267009
49.520000,505.754394
49.530000,502.516766
49.540000,501.153763
49.550000,503.615391
49.560000,502.615760
49.570000,502.973617
49.580000,503.751440
49.590000,503.151011
49.600000,506.217935
49.610000,503.083130
49.620000,505.336297
49.630000,501.958903
49.640000,503.658990
49.650000,500.532715
49.660000,502.730524
49.670000,504.670587
49.680000,504.159765
49.690000,502.898775
49.700000,501.360471
49.710000,505.555101
49.720000,503.018463
49.730000,503.677181
49.740000,504.282688
49.750000,502.911059
49.770000,503.785964
49.780000,503.188769
49.790000,504.442162
49.800000,503.908132
49.810000,503.681576
49.820000,502.622073
49.830000,503.643908
49.840000,504.551507
49.850000,503.053455
49.860000,505.257329
49.870000,504.324278
49.880000,501.737279
49.890000,503.318474
49.900000,505.319216
49.910000,502.561949
49.920000,502.428536
49.930000,504.111326
49.940000,501.786534
49.950000,502.291675
49.960000,500.521895
49.970000,503.841855
49.980000,503.026048
49.990000,502.929303
50.000000,502.857999
50.010000,500.649750
50.020000,501.020034
50.030000,504.370262
50.040000,503.123433
50.050000,502.908953
50.060000,505.131877
50.070000,501.834105
50.080000,504.261131
50.090000,499.496397
50.110000,503.175034
50.120000,501.983679
50.130000,505.863914
50.140000,505.856312
50.150000,504.318691
50.160000,503.897029
50.180000,502.057067
50.190000,503.822833
50.200000,503.747997
50.210000,502.465994
50.220000,501.196090
50.230000,504.075720
50.250000,502.899920
50.260000,506.251989
50.290000,502.962785
50.300000,502.669499
50.310000,504.668377
50.330000,502.452734
50.340000,501.840795
50.350000,504.583310
50.360000,501.343024
50.370000,500.959384
50.380000,501.699916
50.390000,504.317916
50.400000,501.688014
50.410000,504.555047
50.420000,503.223340
50.430000,504.032730
50.440000,502.555038
50.450000,502.845274
50.460000,504.118291
50.470000,503.778447
50.490000,502.881218
50.500000,503.996462
50.520000,503.539130
50.530000,504.983173
50.540000,501.693634
50.550000,504.861018
50.560000,501.884796
50.570000,502.780498
50.580000,502.908489
50.590000,501.050935
50.600000,502.800108
50.610000,505.126391
50.630000,501.935321
50.640000,503.360492
50.650000,501.438868
50.660000,504.580298
50.670000,504.111052
50.680000,502.051114
50.690000,502.336943
50.700000,502.532310
50.710000,504.596254
50.720000,503.750698
50.730000,504.079375
50.740000,502.870985
50.750000,504.403098
50.760000,503.166864
50.770000,500.684918
50.790000,501.815846
50.800000,500.792367
50.810000,502.361551
50.820000,502.960707
50.830000,504.827512
50.840000,503.105695
50.860000,500.469409
50.870000,502.475472
50.880000,502.162697
50.890000,501.241584
50.900000,501.351147
50.910000,501.451884
50.930000,502.462181
50.940000,503.638970
50.960000,505.612779
50.970000,502.762000
50.980000,501.984479
50.990000,502.384028
51.000000,506.022494
51.010000,504.460193
51.020000,503.343528
51.030000,501.617571
51.040000,502.806105
51.060000,502.506205
51.070000,504.062389
51.080000,503.160119
51.090000,505.051878
51.100000,501.610091
51.110000,502.572746
51.120000,503.187560
51.130000,502.815348
51.140000,502.196752
51.150000,502.238302
51.160000,503.989452
51.170000,502.098708
51.180000,504.433585
51.190000,504.795156
51.200000,502.550925
51.210000,505.952417
51.220000,502.541333
51.230000,504.509343
51.240000,502.601983
51.250000,501.955053
51.260000,501.489470
51.270000,505.045359
51.280000,502.353910
51.290000,504.655918
51.300000,502.089625
51.310000,502.935986
51.320000,504.596247
51.330000,503.593442
51.340000,502.638389
51.350000,505.844886
51.360000,503.800229
51.370000,501.286425
51.380000,502.590929
51.390000,503.192737
51.400000,502.604567
51.410000,502.325705
51.420000,502.505940
51.430000,503.314817
51.440000,502.647636
51.450000,503.168226
51.460000,502.089989
51.470000,504.756095
51.480000,504.564651
51.490000,503.944412
51.500000,502.789459
51.520000,503.844669
51.530000,503.301249
51.540000,503.293951
51.560000,505.591407
51.570000,505.240056
51.580000,501.296033
51.590000,502.353384
51.600000,501.154546
51.610000,502.601901
51.630000,502.137755
51.640000,501.861202
51.650000,501.697666
51.660000,504.873983
51.670000,501.989369
51.690000,502.058065
51.700000,504.380059
51.710000,503.589183
51.720000,501.786093
51.730000,504.179631
51.740000,504.070820
51.750000,504.687233
51.760000,503.670808
51.770000,502.241750
51.790000,504.455886
51.800000,503.546107
51.810000,503.257472
51.830000,500.881881
51.840000,500.865061
51.850000,500.242262
51.860000,503.755272
51.870000,503.376849
51.890000,500.406934
51.900000,503.996890
51.910000,503.262747
51.930000,505.167836
51.940000,503.313367
51.950000,503.940727
51.960000,505.750620
51.970000,506.246466
51.990000,502.899515
52.000000,503.832094
52.010000,502.500599
52.020000,502.684817
52.030000,503.761292
52.040000,504.045230
52.060000,503.400127
52.070000,502.072321
52.080000,501.845849
52.090000,505.239476
52.100000,504.448239
52.110000,502.617948
52.130000,503.447070
52.140000,501.961691
52.150000,504.367092
52.160000,503.326591
52.170000,505.131551
52.190000,504.789055
52.200000,502.909255
52.210000,506.226942
52.220000,500.902999
52.230000,504.738688
52.240000,502.354062
52.250000,502.770042
52.260000,502.379233
52.270000,505.809993
52.280000,502.830371
52.290000,504.673248
52.300000,503.298512
52.310000,499.237268
52.320000,501.919400
52.330000,505.107819
52.340000,503.297235
52.350000,501.520169
52.360000,501.000710
52.370000,502.674628
52.390000,503.110675
52.400000,502.743762
52.410000,502.937698
52.430000,506.952161
52.440000,503.683854
52.450000,500.030242
52.460000,504.072639
52.470000,503.760604
52.490000,504.031871
52.500000,502.860013
52.510000,503.400145
52.520000,504.707143
52.530000,502.044016
52.540000,502.489897
52.550000,499.504653
52.560000,501.699238
52.570000,504.081104
52.590000,504.368772
52.600000,501.439795
52.610000,503.245353
52.630000,503.363392
52.640000,502.091197
52.650000,505.926469
52.660000,504.910654
52.670000,503.986997
52.690000,502.228548
52.700000,500.977591
52.710000,500.444995
52.720000,504.254726
52.730000,502.486843
52.740000,502.062745
52.750000,502.828905
52.760000,505.455329
52.770000,502.679536
52.780000,503.408670
52.800000,506.001911
52.810000,502.471254
52.830000,502.128909
52.840000,502.266065
52.850000,502.391873
52.860000,506.309811
52.870000,504.458850
52.880000,501.726925
52.890000,502.998040
52.900000,503.227283
52.910000,506.558513
52.930000,502.697332
52.940000,504.133453
52.950000,503.254407
52.960000,501.845348
52.970000,502.971575
52.990000,502.043079
53.000000,505.842620
53.010000,501.084953
53.030000,504.646464
53.040000,503.887103
53.050000,503.562856
53.060000,504.815922
53.070000,503.619892
53.090000,503.028529
53.100000,500.952602
53.110000,502.615270
53.130000,505.022151
53.140000,503.642444
53.150000,503.338175
53.160000,505.397411
53.170000,502.308506
53.190000,503.162670
53.200000,502.658637
53.210000,503.963933
53.230000,506.660765
53.240000,502.706114
53.250000,502.679703
53.260000,499.309345
53.270000,506.069489
53.290000,502.099916
53.300000,502.884011
53.310000,505.904152
53.330000,504.601401
53.340000,504.424403
53.350000,505.019279
53.360000,502.141295
53.370000,502.258890
53.380000,504.769593
53.390000,505.706288
53.400000,503.917656
53.420000,506.982670
53.430000,502.324670
53.440000,504.517825
53.450000,503.802225
53.460000,503.665180
53.470000,501.632215
53.480000,504.340999
53.490000,502.720589
53.500000,504.435378
53.510000,503.154621
53.520000,501.622417
53.530000,502.809733
53.540000,503.863654
53.550000,503.934410
53.560000,502.838127
53.570000,503.921890
53.580000,503.639431
53.590000,503.679390
53.600000,504.590977
53.610000,504.296658
53.620000,505.016510
53.630000,507.281595
53.640000,502.795428
53.650000,501.659427
53.660000,505.405774
53.670000,505.040616
53.680000,503.247114
53.690000,505.508088
53.700000,505.497090
53.730000,505.757073
53.740000,502.251340
53.750000,503.334026
53.760000,503.165915
53.770000,503.173843
53.780000,503.754799
53.790000,503.472225
53.800000,505.348383
53.810000,502.769803
53.820000,505.905830
53.830000,503.145222
53.840000,506.962460
53.850000,506.271828
53.860000,503.422485
53.870000,507.271238
53.880000,504.607116
53.890000,505.615974
53.900000,501.587241
53.910000,502.372299
53.920000,502.503975
53.930000,504.773867
53.940000,505.541036
53.950000,502.693681
53.960000,504.756578
53.970000,502.380077
53.980000,503.596606
53.990000,502.359957
54.000000,503.414837
54.010000,503.540109
54.030000,502.099178
54.040000,503.477046
54.050000,503.922074
54.070000,504.847274
54.080000,502.915502
54.090000,503.981955
54.100000,503.519827
54.110000,501.317834
54.120000,503.401165
54.130000,505.258518
54.140000,502.743003
54.150000,501.900343
54.160000,504.178240
54.170000,502.443672
54.180000,505.520834
54.190000,505.127763
54.200000,507.416115
54.210000,503.596668
54.220000,506.616874
54.230000,503.945098
54.240000,505.210428
54.250000,500.408419
54.260000,501.438125
54.270000,503.867548
54.280000,502.772167
54.290000,503.696870
54.300000,501.039105
54.310000,502.325471
54.330000,503.379615
54.340000,503.464833
54.350000,501.655596
54.360000,502.790932
54.370000,504.210415
54.380000,502.148709
54.390000,503.987852
54.400000,504.302293
54.410000,501.466412
54.420000,504.530492
54.440000,502.990114
54.450000,502.675225
54.460000,504.537815
54.470000,504.910627
54.480000,505.257218
54.490000,504.274891
54.500000,503.320234
54.510000,502.853079
54.520000,504.457999
54.530000,504.780716
54.540000,503.625516
54.550000,503.708059
54.560000,502.596298
54.570000,503.818925
54.580000,501.360026
54.590000,505.346888
54.610000,503.269653
54.620000,501.299744
54.630000,504.285592
54.640000,504.024455
54.650000,504.748574
54.660000,504.208961
54.670000,500.365211
54.680000,503.775490
54.690000,505.008104
54.710000,502.801320
54.720000,502.342805
54.730000,502.601410
54.740000,502.599171
54.750000,503.301649
54.770000,504.657058
54.780000,502.308570
54.790000,505.085413
54.800000,502.708645
54.810000,503.593832
54.820000,504.232774
54.830000,504.908137
54.840000,501.049577
54.850000,503.399282
54.860000,501.299979
54.870000,503.582997
54.880000,502.207494
54.890000,502.547864
54.900000,500.320777
54.910000,501.990473
54.920000,502.335911
54.930000,504.638040
54.940000,503.260983
54.950000,501.287965
54.970000,503.166092
54.980000,504.355467
54.990000,505.802212
55.010000,505.110768
55.020000,502.879778
55.030000,503.294856
55.040000,501.990201
55.050000,503.942240
55.060000,501.854419
55.070000,503.992064
55.080000,503.274132
55.090000,503.776434
55.100000,502.279524
55.110000,503.218144
55.120000,504.257047
55.130000,504.105982
55.140000,504.985178
55.150000,500.827796
55.170000,503.900129
55.180000,503.247973
55.190000,499.777835
55.200000,504.541790
55.210000,503.922289
55.220000,504.552816
55.240000,502.773137
55.250000,502.850934
55.260000,503.621187
55.280000,502.920483
55.290000,502.143091
55.300000,502.881667
55.310000,506.285370
55.320000,501.853187
55.330000,504.292726
55.340000,504.390148
55.350000,502.412688
55.370000,504.845192
55.380000,503.687231
55.390000,500.333143
55.410000,505.525320
55.420000,503.025691
55.430000,502.241081
55.440000,503.355404
55.450000,505.712086
55.470000,502.770658
55.480000,503.728371
55.490000,502.292277
55.500000,504.470798
55.510000,504.429200
55.520000,501.660704
55.530000,503.242639
55.540000,501.810249
55.550000,502.478083
55.570000,501.061044
55.580000,504.063310
55.590000,502.346071
55.610000,503.114962
55.620000,503.646137
55.630000,503.977601
55.640000,504.147909
55.650000,504.156041
55.660000,505.406668
55.680000,503.064795
55.690000,502.140506
55.700000,502.159968
55.710000,503.720489
55.720000,504.995176
55.730000,501.591590
55.740000,503.120296
55.750000,499.852298
55.770000,503.539442
55.780000,503.483135
55.790000,504.382550
55.800000,504.761761
55.810000,503.788916
55.820000,505.228108
55.830000,503.680714
55.840000,502.891039
55.850000,501.789434
55.870000,501.778899
55.880000,501.923362
55.890000,503.228009
55.900000,502.217097
55.910000,501.998628
55.920000,504.739788
55.930000,502.480293
55.940000,504.478114
55.950000,502.923542
55.970000,502.184970
55.980000,502.014367
55.990000,503.471616
56.000000,501.713401
56.010000,501.948689
56.020000,504.450165
56.030000,506.443352
56.040000,503.086622
56.050000,504.894993
56.060000,503.442174
56.070000,504.925105
56.080000,502.853725
56.090000,503.321318
56.100000,504.567033
56.110000,503.539049
56.120000,505.008913
56.130000,501.180921
56.140000,505.001464
56.150000,501.124074
56.160000,502.614800
56.170000,505.235280
56.180000,501.673265
56.190000,501.594176
56.210000,504.397935
56.220000,501.908129
56.230000,504.054100
56.240000,504.326398
56.250000,501.335260
56.260000,504.313422
56.270000,505.075572
56.280000,504.970113
56.290000,505.203219
56.300000,502.232905
56.310000,505.333296
56.320000,503.371501
56.330000,503.676946
56.340000,504.269784
56.350000,503.031529
56.370000,503.355352
56.380000,505.838172
56.390000,504.277193
56.400000,501.333106
56.410000,503.656492
56.420000,502.204867
56.430000,500.842884
56.440000,502.736887
56.450000,501.381106
56.460000,504.592019
56.470000,504.150540
56.480000,502.733236
56.490000,501.050884
56.500000,502.449356
56.510000,502.467479
56.520000,502.729042
56.530000,504.059032
56.540000,504.304926
56.550000,503.845042
56.570000,500.269821
56.580000,504.628295
56.590000,503.804843
56.600000,503.361825
56.610000,502.351309
56.620000,505.390039
56.630000,501.020876
56.640000,503.969178
56.650000,503.656847
56.660000,503.380054
56.670000,502.222280
56.680000,504.469426
56.690000,502.570880
56.700000,503.504596
56.710000,501.151799
56.720000,502.776132
56.730000,503.156154
56.740000,503.752687
56.750000,500.464226
56.760000,502.908802
56.770000,505.572585
56.780000,503.627393
56.790000,502.329314
56.800000,502.845705
56.810000,502.034551
56.820000,503.139646
56.830000,502.620905
56.840000,502.208424
56.850000,505.737449
56.860000,502.013832
56.870000,501.727700
56.880000,503.579117
56.890000,505.172968
56.900000,502.763805
56.910000,504.707352
56.920000,503.641954
56.930000,502.635786
56.940000,503.101543
56.950000,504.209679
56.960000,500.849957
56.970000,504.091695
56.980000,502.651910
56.990000,503.584242
57.000000,503.658171
57.010000,504.187928
57.020000,502.694723
57.030000,503.409390
57.040000,504.926723
57.050000,503.979519
57.060000,504.633819
57.070000,501.224085
57.080000,503.504610
57.090000,503.373868
57.100000,502.883083
57.110000,501.717077
57.120000,503.238079
57.140000,502.441697
57.150000,501.900703
57.170000,503.719623
57.180000,504.504606
57.190000,505.564768
57.200000,501.408047
57.210000,504.026508
57.220000,502.641072
57.230000,504.800837
57.240000,503.425891
57.250000,500.973441
57.260000,503.852819
57.280000,502.550074
57.290000,505.686694
57.300000,504.612274
57.310000,503.560182
57.320000,506.852065
57.330000,502.826136
57.340000,502.665587
57.350000,503.842153
57.360000,505.791091
57.370000,504.319340
57.380000,503.100916
57.390000,505.933278
57.400000,502.826637
57.410000,506.179735
57.420000,503.435388
57.430000,506.041245
57.440000,505.133274
57.450000,504.233843
57.460000,500.842313
57.470000,503.007688
57.480000,503.967223
57.490000,503.924003
57.500000,504.002240
57.510000,501.547539
57.520000,504.402724
57.530000,504.157575
57.540000,501.843302
57.550000,503.134716
57.560000,503.897199
57.570000,501.430173
57.580000,504.096622
57.590000,502.839913
57.610000,502.937195
57.620000,503.928739
57.630000,500.953616
57.640000,501.317001
57.650000,502.621850
57.660000,503.228906
57.670000,501.972902
57.680000,502.319264
57.690000,504.483284
57.700000,506.611370
57.710000,503.649410
57.720000,501.986896
57.730000,504.331017
57.740000,505.264015
57.750000,502.151041
57.760000,502.723719
57.770000,504.564005
57.780000,505.413982
57.790000,503.931476
57.800000,504.173607
57.810000,504.142486
57.820000,502.815367
57.830000,505.421561
57.840000,502.276131
57.850000,504.643068
57.860000,502.348913
57.880000,501.638291
57.890000,504.060880
57.900000,500.917409
57.910000,501.416399
57.920000,501.990614
57.930000,502.394292
57.940000,503.430144
57.950000,504.458555
57.960000,503.075820
57.970000,502.818738
57.990000,503.536425
58.000000,504.011752
58.010000,506.724575
58.020000,501.179139
58.030000,503.167191
58.040000,503.542639
58.050000,504.439059
58.060000,502.498666
58.070000,503.864202
58.090000,501.982938
58.100000,502.084551
58.110000,503.138226
58.120000,501.354857
58.130000,501.647946
58.140000,505.171448
58.150000,503.312310
58.160000,502.915539
58.170000,506.136779
58.180000,505.287057
58.190000,505.228302
58.200000,504.126371
58.210000,501.150868
58.220000,502.086387
58.230000,504.712971
58.240000,504.231762
58.250000,502.369646
58.260000,502.657887
58.270000,501.955581
58.280000,503.136624
58.290000,502.566147
58.300000,504.455270
58.310000,503.497326
58.320000,501.680491
58.330000,503.852847
58.340000,502.296743
58.350000,504.538186
58.360000,502.768574
58.370000,504.398201
58.390000,502.444886
58.400000,505.166190
58.410000,502.574143
58.420000,504.421389
58.430000,502.545058
58.440000,504.082157
58.450000,501.679898
58.460000,503.154772
58.470000,502.489553
58.480000,504.213819
58.490000,500.423442
58.500000,499.562468
58.510000,505.190770
58.520000,504.264636
58.530000,502.492873
58.540000,502.557556
58.550000,503.635513
58.560000,501.202386
58.570000,503.606236
58.580000,503.595141
58.590000,503.487285
58.600000,501.225744
58.610000,501.117020
58.620000,505.295313
58.630000,501.962602
58.640000,505.277921
58.650000,503.956490
58.660000,503.179991
58.670000,502.929043
58.680000,503.024156
58.690000,506.230268
58.700000,502.556366
58.710000,503.017385
58.720000,504.781577
58.730000,504.625272
58.750000,504.502916
58.760000,503.456122
58.770000,502.442464
58.780000,501.751840
58.790000,503.862637
58.800000,503.411989
58.810000,502.300710
58.820000,502.626367
58.830000,503.915664
58.840000,502.468678
58.850000,501.029488
58.860000,504.825175
58.870000,503.709806
58.880000,504.327051
58.890000,501.939599
58.900000,499.508674
58.910000,503.310535
58.920000,504.018913
58.930000,503.835466
58.940000,504.690057
58.950000,503.132451
58.960000,502.593477
58.970000,503.511221
58.980000,503.117316
58.990000,499.916089
59.000000,503.642574
59.010000,505.803929
59.020000,502.262646
59.030000,503.839649
59.040000,502.484532
59.050000,503.146155
59.060000,504.004813
59.070000,502.667764
59.080000,504.833250
59.090000,501.405964
59.100000,502.384548
59.110000,503.653008
59.120000,507.335899
59.130000,504.410500
59.140000,503.174656
59.150000,500.057140
59.160000,503.225051
59.170000,501.891567
59.180000,501.428182
59.190000,500.268556
59.200000,502.332577
59.220000,503.246280
59.230000,501.177117
59.240000,503.164075
59.250000,503.145536
59.260000,504.375548
59.270000,504.049968
59.280000,503.562546
59.290000,504.396201
59.300000,502.999039
59.320000,503.426703
59.330000,502.672444
59.340000,505.375630
59.350000,501.146573
59.360000,502.186661
59.370000,504.179991
59.380000,502.766787
59.390000,502.366944
59.400000,505.608068
59.410000,503.880561
59.420000,501.293405
59.430000,502.527014
59.440000,500.867999
59.450000,502.008272
59.460000,502.449021
59.470000,502.754837
59.480000,503.310969
59.490000,502.491181
59.500000,502.801199
59.520000,500.542613
59.530000,504.138785
59.540000,503.059826
59.550000,500.917231
59.560000,502.394231
59.570000,504.285544
59.580000,503.570284
59.590000,504.057173
59.600000,504.425618
59.620000,502.629233
59.630000,500.878614
59.640000,505.295526
59.650000,503.532689
59.660000,503.286350
59.670000,501.940952
59.680000,500.048969
59.690000,501.846396
59.700000,504.190729
59.710000,501.068529
59.720000,502.888464
59.730000,503.101126
59.740000,503.930655
59.750000,504.575324
59.760000,504.104877
59.770000,503.228982
59.780000,502.459332
59.790000,504.745575
59.800000,501.200188
59.810000,502.781425
59.820000,504.801703
59.830000,502.744573
59.840000,503.860710
59.850000,504.021097
59.860000,501.615663
59.870000,504.304552
59.880000,502.920754
59.890000,503.523585
59.900000,503.568363
59.910000,500.925057
59.920000,502.289753
59.930000,503.641401
59.940000,502.858462
59.950000,501.062293
59.960000,501.900431
59.970000,503.395800
59.980000,501.697200
59.990000,503.414212
60.000000,503.981742
60.010000,503.245703
60.020000,502.483480
60.030000,501.650464
60.040000,505.134346
60.050000,503.275280
60.060000,501.864353
60.070000,502.756490
60.080000,505.085385
60.090000,506.666469
60.100000,503.442485
60.110000,505.355314
60.120000,503.675747
60.130000,505.838400
60.140000,502.426722
60.150000,501.530101
60.160000,502.762054
60.170000,502.575050
60.180000,505.758650
60.190000,503.412627
60.210000,504.227258
60.220000,503.043766
60.230000,502.205408
60.240000,500.995559
60.250000,505.381633
60.260000,503.573053
60.280000,502.723867
60.290000,503.782119
60.300000,505.593416
60.320000,502.575049
60.330000,503.524300
60.340000,501.722719
60.350000,502.898626
60.360000,503.233187
60.370000,500.786904
60.380000,502.667605
60.390000,501.274700
60.400000,504.013145
60.410000,502.832127
60.420000,503.221347
60.430000,504.577397
60.450000,502.263796
60.460000,501.749671
60.470000,503.299685
60.480000,504.651954
60.490000,504.315681
60.500000,502.875596
60.510000,503.041097
60.520000,501.431208
60.530000,500.854228
60.540000,503.784765
60.550000,503.376513
60.560000,502.254666
60.570000,504.157115
60.580000,504.588034
60.590000,501.748725
60.610000,503.199351
60.620000,503.157152
60.630000,503.472647
60.640000,502.979053
60.650000,503.071335
60.660000,504.050527
60.680000,502.038957
60.690000,503.397793
60.700000,504.324482
60.710000,500.146550
60.720000,502.184247
60.730000,503.504046
60.740000,504.352406
60.750000,500.555500
60.760000,503.712548
60.770000,500.960552
60.780000,501.002816
60.790000,503.490774
60.810000,505.372486
60.820000,503.415994
60.840000,506.024013
60.850000,506.047877
60.860000,505.585626
60.870000,503.851689
60.880000,501.361192
60.890000,503.562398
60.900000,503.598378
60.910000,503.220459
60.920000,502.114996
60.930000,504.200707
60.940000,503.260800
60.950000,502.832532
60.960000,504.184701
60.970000,503.217995
60.980000,504.679722
60.990000,505.159362
61.010000,504.144075
61.020000,505.708321
61.030000,503.243114
61.040000,502.979422
61.050000,502.886097
61.060000,502.587533
61.070000,502.672778
61.080000,501.833052
61.090000,502.435352
61.110000,502.093866
61.120000,500.485966
61.130000,504.348700
61.140000,502.641345
61.150000,503.171641
61.160000,501.070540
61.180000,502.794735
61.190000,505.264958
61.200000,503.825259
61.210000,503.057110
61.220000,503.057924
61.230000,503.278030
61.240000,502.936875
61.250000,504.105268
61.260000,501.691049
61.270000,503.038200
61.280000,502.689050
61.290000,505.447375
61.300000,504.754078
61.310000,504.087958
61.320000,503.860609
61.330000,504.616491
61.340000,501.591086
61.350000,504.657452
61.360000,502.042639
61.370000,503.256571
61.380000,504.013388
61.390000,504.614388
61.400000,502.154506
61.410000,504.084775
61.420000,505.404611
61.430000,502.836728
61.450000,505.529811
61.460000,504.027477
61.480000,501.518882
61.490000,505.728240
61.500000,501.593507
61.520000,505.310310
61.530000,502.909960
61.540000,505.274893
61.560000,503.735444
61.570000,503.883228
61.580000,504.963115
61.590000,502.953590
61.600000,504.911149
61.610000,504.793300
61.620000,503.285747
61.630000,503.496705
61.640000,503.877414
61.650000,504.259983
61.660000,502.615284
61.670000,504.735765
61.680000,502.730477
61.690000,503.871177
61.700000,502.902805
61.710000,504.834155
61.720000,506.887076
61.730000,504.364956
61.740000,503.874378
61.760000,504.730826
61.770000,503.961555
61.780000,503.029998
61.790000,502.271706
61.800000,501.907258
61.820000,502.806762
61.830000,503.148202
61.840000,504.752067
61.850000,504.060679
61.860000,502.512552
61.870000,502.779297
61.880000,503.106634
61.890000,504.296303
61.900000,503.485331
61.910000,504.512348
61.920000,505.465638
61.930000,502.165082
61.950000,503.408307
61.960000,501.659823
61.970000,505.017017
61.980000,503.695123
61.990000,502.824794
62.000000,501.690830
62.010000,500.641935
62.020000,503.516261
62.030000,503.382637
62.040000,502.547945
62.060000,503.587547
62.070000,502.710923
62.080000,503.222559
62.090000,500.475650
62.100000,502.329686
62.110000,505.323070
62.120000,503.346585
62.130000,504.904762
62.140000,502.772997
62.150000,501.168224
62.160000,502.762690
62.170000,501.750770
62.180000,503.243241
62.190000,504.492850
62.200000,505.320794
62.210000,504.458774
62.220000,504.303006
62.230000,503.498768
62.240000,504.163748
62.250000,504.218329
62.260000,504.850650
62.270000,503.647923
62.280000,503.888256
62.290000,502.658927
62.300000,501.510129
62.310000,505.877018
62.320000,502.442260
62.330000,504.394974
62.340000,503.432562
62.350000,503.451601
62.360000,501.269595
62.370000,501.818658
62.380000,503.957657
62.390000,503.486805
62.400000,504.758435
62.410000,502.853244
62.420000,501.395184
62.430000,506.053632
62.440000,502.448269
62.450000,500.356682
62.460000,502.069259
62.470000,504.710933
62.480000,504.893776
62.490000,504.772826
62.500000,503.853594
62.510000,502.089908
62.520000,504.344190
62.530000,503.073212
62.540000,503.036132
62.560000,503.109489
62.570000,502.405926
62.580000,503.177820
62.590000,503.937893
62.600000,504.637522
62.610000,503.487885
62.620000,505.147825
62.630000,503.405558
62.640000,503.711937
62.650000,504.231777
62.660000,500.328159
62.670000,505.266120
62.680000,501.764649
62.690000,503.047376
62.700000,503.830222
62.710000,501.268791
62.720000,503.605515
62.730000,502.798102
62.740000,502.062543
62.750000,507.546877
62.760000,502.497100
62.770000,501.232207
62.780000,504.502901
62.790000,503.252754
62.800000,503.441924
62.820000,504.792759
62.830000,504.840592
62.840000,503.167088
62.850000,503.124302
62.860000,501.187141
62.870000,503.529147
62.890000,504.005869
62.900000,501.396103
62.910000,501.752396
62.930000,504.102104
62.940000,503.506606
62.950000,503.533094
62.960000,500.849374
62.970000,501.890796
62.980000,502.338923
62.990000,505.409152
63.000000,504.046714
63.010000,504.628167
63.020000,502.553234
63.030000,504.073432
63.040000,502.998484
63.050000,499.678995
63.060000,504.333291
63.070000,503.971464
63.080000,501.092833
63.090000,505.062448
63.100000,502.072226
63.120000,502.929380
63.130000,504.652717
63.140000,504.083151
63.150000,501.943358
63.160000,503.084758
63.170000,503.703772
63.180000,504.098265
63.190000,503.681161
63.200000,504.014953
63.210000,500.613638
63.220000,503.955291
63.230000,502.495097
63.240000,505.795176
63.250000,502.430072
63.260000,503.157873
63.270000,503.008184
63.280000,504.040399
63.290000,502.704207
63.300000,502.039829
63.320000,503.171967
63.330000,505.665420
63.340000,503.372317
63.350000,501.538519
63.360000,503.101496
63.370000,503.560219
63.380000,505.329523
63.390000,504.314850
63.400000,504.881801
63.410000,503.315159
63.420000,504.710733
63.430000,504.051203
63.440000,504.572412
63.450000,507.155035
63.460000,501.773937
63.470000,503.198752
63.480000,502.997956
63.490000,506.612031
63.500000,505.406756
63.510000,504.005002
63.520000,505.835818
63.530000,502.429273
63.540000,503.893560
63.550000,503.767894
63.560000,504.496473
63.570000,504.746251
63.580000,504.429865
63.590000,505.758277
63.600000,503.175766
63.620000,504.746616
63.630000,503.286420
63.640000,504.472636
63.650000,504.005178
63.660000,502.628602
63.670000,503.930900
63.690000,505.177385
63.700000,503.477786
63.720000,503.793319
63.730000,504.904747
63.740000,505.915046
63.750000,504.609274
63.760000,501.707608
63.770000,501.511257
63.780000,502.132632
63.790000,506.137284
63.800000,505.530062
63.820000,506.218905
63.830000,501.926422
63.840000,502.615227
63.850000,501.049933
63.860000,504.965915
63.870000,502.272940
63.880000,501.964165
63.890000,504.055619
63.900000,503.380196
63.920000,504.142976
63.930000,502.447838
63.940000,503.309797
63.950000,504.169686
63.960000,502.554568
63.970000,500.243844
63.980000,504.057024
63.990000,502.965552
64.000000,504.848025
64.020000,502.641501
64.030000,501.719199
64.040000,503.193030
64.050000,502.314373
64.060000,504.739632
64.070000,500.932875
64.080000,502.178892
64.090000,503.756158
64.100000,503.701154
64.120000,502.975388
64.130000,502.907024
64.140000,504.682545
64.150000,503.435228
64.160000,503.599213
64.170000,503.694735
64.190000,502.557292
64.200000,505.479229
64.210000,502.850426
64.220000,502.149124
64.230000,504.226277
64.240000,502.685397
64.250000,502.188310
64.260000,502.897307
64.270000,502.561950
64.280000,502.669423
64.290000,504.026888
64.300000,505.652604
64.310000,503.075505
64.320000,503.675245
64.330000,502.505867
64.340000,503.670442
64.350000,503.913683
64.360000,502.455241
64.370000,502.716063
64.380000,502.230190
64.390000,504.391446
64.400000,504.424071
64.410000,503.355056
64.420000,501.386911
64.430000,507.500185
64.440000,503.117289
64.450000,502.767923
64.460000,505.026022
64.470000,502.590705
64.480000,503.366685
64.490000,501.583356
64.500000,503.199119
64.510000,503.060061
64.520000,502.190413
64.530000,504.545221
64.540000,505.266244
64.550000,504.932814
64.560000,503.588166
64.570000,504.186568
64.580000,504.090998
64.590000,502.716591
64.600000,504.000855
64.610000,501.311360
64.620000,504.078746
64.630000,504.894879
64.640000,503.760138
64.650000,503.193862
64.660000,502.449525
64.670000,504.010409
64.680000,502.597819
64.690000,501.721056
64.700000,503.685547
64.710000,502.328600
64.720000,503.011989
64.730000,503.748550
64.740000,502.217152
64.750000,499.506661
64.760000,503.033222
64.770000,503.734180
64.780000,504.265133
64.790000,504.059555
64.800000,504.340658
64.810000,506.053652
64.820000,503.644744
64.830000,502.512753
64.840000,502.888150
64.850000,503.591452
64.860000,501.528809
64.870000,502.979127
64.880000,501.579694
64.890000,504.729744
64.900000,505.090473
64.910000,504.016245
64.930000,501.814411
64.940000,503.039541
64.950000,502.784243
64.960000,502.526501
64.970000,505.301966
64.980000,503.398532
64.990000,503.643104
65.000000,503.619083
65.020000,503.249876
65.030000,502.732590
65.040000,503.630083
65.050000,503.016401
65.060000,498.711765
65.070000,504.768819
65.080000,505.229464
65.090000,502.021002
65.100000,501.126060
65.120000,502.456319
65.130000,505.159580
65.140000,500.069174
65.150000,502.930902
65.160000,503.349119
65.170000,504.425228
65.180000,502.369600
65.190000,504.591128
65.200000,500.814444
65.210000,501.690842
65.220000,502.606292
65.230000,501.695062
65.240000,503.972246
65.250000,504.293090
65.260000,502.387505
65.270000,502.693351
65.280000,503.799284
65.290000,502.390039
65.300000,502.811115
65.310000,501.937669
65.320000,503.560130
65.330000,502.583492
65.340000,502.325087
65.350000,501.972827
65.360000,504.985495
65.370000,503.270034
65.380000,502.980461
65.390000,504.181587
65.400000,504.936579
65.410000,503.375116
65.420000,503.977567
65.430000,501.999265
65.440000,502.324332
65.450000,499.516190
65.460000,502.654361
65.470000,502.054939
65.480000,502.973688
65.490000,501.669221
65.500000,502.923054
65.510000,503.723560
65.520000,501.202872
65.530000,504.395240
65.540000,504.243218
65.550000,502.544161
65.560000,504.473498
65.570000,502.049998
65.580000,501.113353
65.590000,502.583079
65.600000,503.292102
65.620000,501.706645
65.630000,504.346121
65.640000,502.222654
65.650000,503.679821
65.660000,501.060209
65.670000,500.698972
65.680000,502.842404
65.690000,502.473367
65.700000,507.726189
65.710000,505.493301
65.720000,503.389411
65.730000,502.781073
65.740000,503.416253
65.750000,502.998736
65.760000,501.762451
65.770000,505.712475
65.780000,503.784936
65.790000,502.228085
65.800000,503.020146
65.810000,502.997143
65.820000,503.853673
65.830000,504.222676
65.840000,504.214691
65.850000,504.606893
65.860000,504.044257
65.870000,503.217185
65.880000,503.838125
65.890000,503.467075
65.900000,505.768982
65.910000,503.640430
65.920000,503.965170
65.930000,501.859861
65.940000,501.592897
65.950000,505.054278
65.960000,505.473557
65.970000,504.799392
65.980000,503.021717
65.990000,504.085288
66.000000,503.420859
66.010000,504.563711
66.020000,500.734702
66.030000,504.124747
66.040000,503.979706
66.050000,505.343176
66.060000,505.355669
66.070000,504.411566
66.080000,501.154720
66.090000,504.835448
66.100000,503.421610
66.110000,505.855082
66.130000,504.392260
66.140000,503.434951
66.150000,502.279472
66.160000,502.217829
66.170000,506.322080
66.190000,504.888369
66.200000,503.248308
66.210000,501.887333
66.220000,501.889260
66.230000,504.598357
66.240000,503.436975
66.250000,504.310128
66.260000,504.147832
66.270000,505.188067
66.280000,505.239118
66.290000,503.618823
66.300000,504.828577
66.310000,506.431850
66.320000,501.946902
66.330000,503.239760
66.340000,502.524376
66.350000,504.162202
66.360000,503.437257
66.370000,502.252449
66.380000,501.850331
66.390000,504.488900
66.400000,500.993417
66.410000,502.042557
66.420000,504.156794
66.430000,502.675776
66.440000,503.456411
66.450000,504.224004
66.460000,506.602484
66.470000,503.336740
66.480000,499.643981
66.490000,501.726702
66.500000,503.002745
66.510000,502.649537
66.520000,502.209497
66.530000,502.439115
66.540000,504.764921
66.550000,504.245738
66.560000,505.115380
66.570000,502.302138
66.580000,503.709873
66.590000,502.334246
66.600000,504.085504
66.610000,502.503894
66.620000,503.157573
66.630000,503.080886
66.640000,504.054730
66.650000,503.601666
66.660000,501.543039
66.670000,502.262880
66.690000,503.187951
66.700000,501.523539
66.710000,501.554244
66.720000,502.667646
66.730000,504.958569
66.740000,504.463171
66.760000,500.071391
66.770000,502.366132
66.780000,505.853739
66.790000,503.817392
66.800000,504.543389
66.810000,503.241986
66.820000,502.867461
66.830000,502.918168
66.840000,503.224240
66.860000,501.481639
66.870000,503.833289
66.880000,503.031032
66.890000,505.043881
66.900000,505.276794
66.910000,502.498337
66.920000,502.467280
66.930000,502.528034
66.940000,504.204689
66.950000,501.731032
66.960000,503.027557
66.970000,502.482827
66.980000,503.662894
66.990000,504.966234
67.000000,502.563949
67.010000,504.846080
67.020000,501.513584
67.030000,501.734703
67.040000,501.764830
67.050000,504.970261
67.060000,501.998814
67.070000,502.743807
67.080000,504.516059
67.090000,503.637013
67.100000,503.744782
67.110000,501.551229
67.120000,503.861355
67.130000,505.459669
67.140000,500.946179
67.150000,503.752739
67.160000,501.192480
67.170000,500.990667
67.180000,502.853187
67.190000,503.402727
67.200000,502.774925
67.210000,501.776404
67.230000,502.039628
67.240000,504.481443
67.250000,501.080336
67.260000,500.600771
67.270000,502.786756
67.280000,502.827286
67.290000,502.547593
67.300000,503.643468
67.310000,506.207195
67.320000,502.927433
67.330000,503.107857
67.340000,501.566528
67.350000,502.731826
67.360000,503.381850
67.370000,504.642178
67.380000,503.068387
67.390000,501.491600
67.400000,502.083861
67.410000,503.938517
67.420000,503.511331
67.430000,502.769074
67.440000,504.750059
67.450000,501.753608
67.460000,501.643436
67.470000,501.925498
67.480000,500.802807
67.490000,502.739133
67.500000,503.979222
67.510000,503.914650
67.520000,502.409301
67.530000,504.517967
67.540000,504.372591
67.550000,502.136522
67.560000,499.972915
67.570000,503.553918
67.580000,504.194922
67.590000,502.579351
67.600000,506.378051
67.610000,503.635959
67.620000,503.545602
67.630000,503.237584
67.640000,503.238307
67.650000,502.698755
67.660000,502.777635
67.670000,502.673332
67.680000,501.252525
67.690000,503.254951
67.700000,504.639787
67.710000,502.044888
67.720000,502.758717
67.730000,504.575912
67.740000,502.471309
67.750000,500.621448
67.770000,502.860005
67.780000,502.738938
67.790000,505.530413
67.800000,502.828122
67.810000,501.450661
67.820000,500.615464
67.840000,501.591193
67.850000,505.493401
67.860000,502.411736
67.870000,502.930594
67.880000,502.411615
67.890000,501.321248
67.900000,503.905302
67.910000,502.877483
67.920000,504.552080
67.930000,502.667766
67.940000,503.098804
67.950000,502.505312
67.960000,502.772157
67.970000,503.234470
67.980000,502.834712
67.990000,502.807778
68.000000,501.559639
68.010000,502.433639
68.020000,500.898319
68.030000,502.803700
68.040000,500.256343
68.050000,501.578360
68.060000,502.688609
68.070000,503.267115
68.080000,503.062417
68.090000,500.689133
68.100000,503.123776
68.110000,501.888934
68.120000,504.798761
68.130000,503.423831
68.140000,502.692606
68.150000,502.021042
68.170000,501.686507
68.180000,503.614960
68.190000,503.725940
68.200000,502.519980
68.210000,504.169237
68.220000,501.183767
68.230000,502.199396
68.240000,504.765227
68.250000,503.946889
68.260000,503.555745
68.270000,503.328530
68.280000,504.883122
68.290000,503.049473
68.300000,503.144081
68.310000,500.687759
68.320000,502.556741
68.330000,505.234217
68.340000,505.829502
68.350000,502.680635
68.360000,501.303721
68.370000,501.890313
68.380000,502.701045
68.390000,503.333668
68.400000,501.423934
68.410000,502.255599
68.420000,500.783710
68.440000,502.271575
68.450000,502.497307
68.460000,501.050374
68.470000,499.908808
68.480000,501.037966
68.490000,503.458708
68.500000,503.761502
68.510000,499.396968
68.520000,502.941155
68.530000,503.441309
68.540000,502.021997
68.550000,503.708920
68.560000,501.288200
68.570000,502.891893
68.580000,502.094524
68.590000,502.676428
68.600000,503.794151
68.610000,504.733598
68.620000,504.007565
68.630000,500.525663
68.640000,501.467865
68.650000,501.591983
68.670000,501.134422
68.680000,501.244393
68.690000,504.934273
68.700000,504.115738
68.710000,504.148074
68.720000,501.450680
68.730000,504.717546
68.740000,502.783238
68.750000,503.398394
68.760000,503.801093
68.770000,503.907409
68.780000,500.047681
68.790000,501.985527
68.800000,502.672842
68.810000,502.171042
68.820000,504.275904
68.830000,503.155038
68.840000,501.821118
68.850000,503.611878
68.860000,501.329890
68.870000,505.017142
68.880000,502.115471
68.890000,505.539157
68.900000,501.183514
68.910000,500.746349
68.920000,504.546159
68.930000,504.037734
68.940000,501.799738
68.950000,504.528060
68.960000,503.621990
68.970000,503.787620
68.980000,502.796793
68.990000,502.456126
69.000000,503.049011
69.010000,501.804219
69.020000,501.122209
69.030000,502.821123
69.040000,504.376126
69.050000,504.021556
69.060000,501.229757
69.070000,502.205969
69.080000,502.539738
69.090000,499.720379
69.100000,501.790001
69.110000,500.604747
69.120000,502.786277
69.130000,503.452694
69.140000,503.731875
69.150000,502.807201
69.160000,503.021276
69.170000,505.901888
69.180000,504.035682
69.190000,503.145755
69.200000,504.457576
